#        weight    minuslogpost            logA             n_s     theta_s_100         omega_b       omega_cdm        tau_reio           A_act           P_act             A_s              H0         Omega_m        omegamh2    Omega_Lambda             YHe          z_reio          sigma8              S8               A             age       chi2__CMB   minuslogprior minuslogprior__0            chi2 chi2__act_dr6_cmbonly chi2__planck_2018_lowl.EE_sroll2
              6       287.04592       3.0491247      0.96633849       1.0424671     0.022500087      0.12023637     0.053180963       1.0026141       1.0140421   2.1096869e-09       67.599908      0.31376043       0.1433806      0.68616033      0.24535665       7.5416107      0.81402593      0.83248554       2.1096869       13.765839       390.15818      -2.0421894       -2.0421894       578.17623             188.01804                        390.15818
              4       283.23493       3.0676701      0.97425935       1.0423587     0.022140716      0.12114209     0.057286098       1.0057611       0.9983752   2.1491771e-09       66.924468      0.32134551      0.14392694      0.67857364      0.24520287       8.0547028        0.828433      0.85739882       2.1491771       13.811407        390.1758      -2.0421894       -2.0421894       570.55423             180.37844                         390.1758
             13       280.07809        3.069918      0.97511751       1.0423391     0.022210902       0.1204904     0.059252509       1.0093989       1.0104361   2.1540137e-09       67.208534      0.31734747      0.14334544      0.68257236      0.24523614       8.2245636      0.82717206      0.85075155       2.1540137       13.801713       390.48286      -2.0421894       -2.0421894       564.24056              173.7577                        390.48286
             17        274.5353        3.052235      0.97210564         1.04239     0.022532804      0.11978568     0.053643731       1.0072522       1.0023593   2.1162589e-09       67.762423      0.31134697      0.14296262      0.68857417      0.24537385       7.5746002      0.81536263      0.83063934       2.1162589       13.762683        390.2632      -2.0421894       -2.0421894       553.15499             162.89179                         390.2632
             10        274.4186       3.0588811      0.96965534       1.0423942     0.022601313      0.11986572     0.055882247       1.0072522       1.0023593   2.1303706e-09        67.79717      0.31135108      0.14311117      0.68857013      0.24539948       7.7872772      0.81730967      0.83262837       2.1303706       13.755583       389.98543      -2.0421894       -2.0421894       552.92159             162.93616                        389.98543
              3       274.58572       3.0675432      0.97110477       1.0424144     0.022628189      0.11993938     0.060822002       1.0072522       1.0023593   2.1489043e-09       67.802171      0.31152386      0.14321171      0.68839737      0.24541253       8.2708893      0.82146673      0.83709551       2.1489043       13.752426       390.62986      -2.0421894       -2.0421894       553.25583             162.62597                        390.62986
              2       274.93477        3.066413      0.97001931       1.0424022     0.022584161         0.12024      0.06022007       1.0072522       1.0023593   2.1464769e-09       67.652521      0.31346422       0.1434683      0.68645666      0.24539255       8.2273712      0.82184685      0.84008699       2.1464769       13.758794       390.52251      -2.0421894       -2.0421894       553.95391              163.4314                        390.52251
              2       275.81069       3.0660544      0.97043001       1.0424017     0.022581375      0.12023932     0.060112861        1.006621       1.0055041   2.1457074e-09       67.650096      0.31347912      0.14346483      0.68644176      0.24539151       8.2175446      0.82183629      0.84009615       2.1457074       13.759103       390.50927      -2.0421894       -2.0421894       555.70575             165.19649                        390.50927
              3       274.86998       3.0695908      0.97130638       1.0423752     0.022636475      0.12051232     0.059772265       1.0067861       1.0058113   2.1533089e-09       67.595001      0.31470844      0.14379293      0.68521231      0.24541668       8.1761322      0.82423796      0.84420162       2.1533089       13.755159       390.42586      -2.0421894       -2.0421894       553.82433             163.39847                        390.42586
              1       273.19591       3.0683872      0.97427189        1.042373     0.022538108        0.119674     0.060772276       1.0071315       1.0009063   2.1507187e-09       67.800963      0.31076171      0.14285624      0.68915952      0.24537616       8.2828217       0.8222303      0.83684803       2.1507187       13.762136       390.62372      -2.0421894       -2.0421894       550.47621             159.85248                        390.62372
              5       273.25848       3.0685093      0.97546617       1.0423423     0.022497026      0.11990696     0.060725541        1.007864      0.99922156   2.1509815e-09        67.67141      0.31237173      0.14304813      0.68754919      0.24535514       8.2919464      0.82358431      0.84039468       2.1509815       13.768463       390.68987      -2.0421894       -2.0421894       550.60133             159.91146                        390.68987
              3       274.03455       3.0703765      0.97250283       1.0423447     0.022359177      0.12109914     0.060073307        1.007864      0.99922156   2.1550015e-09       67.130333      0.31976708      0.14410245      0.68015256      0.24529692       8.2814178      0.82797581      0.85481846       2.1550015       13.788225        390.6239      -2.0421894       -2.0421894       552.15347             161.52957                         390.6239
              2       273.94632       3.0687997      0.97625996       1.0423176     0.022428889      0.12098831     0.058653954        1.007864      0.99922156   2.1516062e-09       67.222544      0.31879943      0.14406133      0.68112044      0.24532967       8.1220856      0.82783164      0.85337548       2.1516062       13.781098       390.32774      -2.0421894       -2.0421894       551.97701             161.64927                        390.32774
