#        weight    minuslogpost            logA              ns    theta_MC_100           ombh2           omch2             tau           A_act           P_act              As              H0          omegam        omegamh2        omega_de             YHe             Y_p           DHBBN            zrei          sigma8            s8h5      s8omegamp5     s8omegamp25               A           clamp             age           rdrag       chi2__CMB   minuslogprior minuslogprior__0 minuslogprior__cal_dip_prior            chi2 chi2__act_dr6_cmbonly chi2__planck_2018_lowl.EE_sroll2
              1       1111.9974       3.1116051      0.96945551       1.0400834     0.021702217      0.12510508     0.093447967      0.94320725       1.0397623   2.2457062e-09       64.798595      0.35117208      0.14745217      0.64874186      0.24559111       0.2469218       2.5733968       11.669599      0.85885535       1.0669332      0.50895574      0.66115003       2.2457062       1.8628808       13.908569       146.50122       416.95719       172.25744       -2.0421894                    174.29963       1879.4799             1462.5228                        416.95719
              1       750.20642       3.1098466      0.97191519       1.0404448     0.021734078      0.12420542     0.094182256      0.95633138       1.0017377   2.2417606e-09       65.243483      0.34436053      0.14658436      0.65555457      0.24560519      0.24693594       2.5672447       11.701107      0.85637079       1.0602134      0.50253756      0.65601714       2.2417606       1.8568788       13.891328       146.69853       417.04768       99.009183       -2.0421894                    101.05137       1302.3945             885.34678                        417.04768
              3       419.25167        3.089905       0.9457163       1.0404448     0.021734078      0.12420542     0.094182256      0.97006651       1.0317886    2.197499e-09       65.243483      0.34436053      0.14658436      0.65555457      0.24560519      0.24693594       2.5672447       11.701107      0.83973841        1.039622      0.49277731      0.64327602        2.197499       1.8202164       13.891328       146.69853         420.028       42.846167       -2.0421894                    44.888356         752.811             332.78301                          420.028
              5       325.31715       3.1053849      0.95268226        1.040881     0.022840406      0.12169003     0.097749013      0.97697615       1.0141117   2.2317808e-09       67.154644      0.32191457       0.1451753       0.6780053      0.24608247      0.24741496       2.3665708        11.57336      0.83613016       1.0203187      0.47439948      0.62980927       2.2317808       1.8354722       13.756949       146.13084       420.98934       22.517479       -2.0421894                    24.559669       605.59934             184.60999                        420.98934
              1       328.39185       3.1070768      0.94506327        1.040881     0.022840406      0.12169003     0.097749013      0.97697615       1.0141117   2.2355598e-09       67.154644      0.32191457       0.1451753       0.6780053      0.24608247      0.24741496       2.3665708        11.57336      0.83445509       1.0182747      0.47344909      0.62854753       2.2355598       1.8385802       13.756949       146.13084       422.13049       22.517479       -2.0421894                    24.559669       611.74874             189.61825                        422.13049
              2       316.50761       3.0986176      0.94255857       1.0412147     0.022759814      0.12278898     0.092328254      0.98463124       1.0044934   2.2167287e-09       66.823849      0.32739012      0.14619366      0.67252895       0.2460488      0.24738116       2.3803838       11.167944      0.83444961       1.0207852       0.4774555       0.6311993       2.2167287       1.8429656       13.759234       145.93459       417.03744       6.1897591       -2.0421894                    8.2319485        620.6357             203.59826                        417.03744
              4       307.54387       3.0759545      0.93334175       1.0407238     0.022673449      0.12599466      0.07556691      0.98425652      0.99761085   2.1670556e-09        65.51783      0.34783921      0.14931297       0.6520766      0.24601228      0.24734451       2.3953238       9.7749816      0.83215038       1.0280685      0.49078478      0.63906709       2.1670556       1.8630885       13.793552       145.20928       401.92303       6.8374481       -2.0421894                    8.8796375       601.41285             199.48982                        401.92303
              1         303.455       3.0932984      0.93459651       1.0407238     0.022673449      0.12599466      0.07556691      0.98434404      0.99828897   2.2049686e-09        65.51783      0.34783921      0.14931297       0.6520766      0.24601228      0.24734451       2.3953238       9.7749816      0.83978363       1.0374989      0.49528671       0.6449292       2.2049686       1.8956835       13.793552       145.20928       402.13474       6.6847724       -2.0421894                    8.7269618       593.54045             191.40571                        402.13474
              3       304.65853       3.0953779      0.93493188       1.0409158     0.022690239      0.12600829     0.076529889      0.98434404      0.99828897   2.2095586e-09       65.591113       0.3471331       0.1493434       0.6527829      0.24601941      0.24735166       2.3924083       9.8596027      0.84093347       1.0383389       0.4954612      0.64548424       2.2095586       1.8959746       13.786153       145.18768       402.98033       6.6847724       -2.0421894                    8.7269618       595.94751             192.96718                        402.98033
             12       304.42017       3.0609004      0.95318274       1.0421287     0.023164096      0.11795297     0.071281069      0.98419279       1.0086541   2.1346768e-09       69.155487      0.29641921      0.14176193      0.70350523      0.24621615      0.24754912       2.3122742       9.0942671      0.80489749      0.96789278      0.43822156      0.59390524       2.1346768       1.8510502       13.672043       146.75469        395.4484       6.9491625       -2.0421894                    8.9913519       594.94202             199.49363                         395.4484
              2       305.39911       3.0639511      0.94283856       1.0418936     0.022584283      0.12243447     0.069014195      0.98419279       1.0086541   2.1411991e-09       67.025063       0.3242475      0.14566362      0.67567206      0.24597423      0.24730632       2.4108943       9.1187866      0.82043635       1.0021351      0.46717889      0.61910463       2.1411991       1.8651428       13.755437       146.21819       395.51807       6.9491625       -2.0421894                    8.9913519       596.89989             201.38182                        395.51807
              2       302.67146       3.0776181      0.94024279       1.0405758     0.022403119      0.12311613     0.075323138       0.9859312       1.0088844   2.1706638e-09       66.203413      0.33348785      0.14616412       0.6664297      0.24589659       0.2472284       2.4429896       9.7686732      0.82694083       1.0163288      0.47754515      0.62841195       2.1706638       1.8671006       13.815623       146.24071       400.94258       4.0637781       -2.0421894                    6.1059675       597.21536             196.27278                        400.94258
              2       303.22201       3.0681588      0.94237416       1.0412025       0.0224974      0.12233322     0.071649933      0.99061524       1.0043378   2.1502276e-09       66.756425      0.32644023      0.14547549      0.67347868      0.24593699      0.24726894       2.4262078       9.3863454      0.82139927        1.005328      0.46930605      0.62087651       2.1502276       1.8631597       13.784453        146.3398       397.56609      -2.0394109       -2.0421894                 0.0027784523       610.52285             212.95675                        397.56609
              1       295.53917        3.074887      0.94635096       1.0414374     0.022775006      0.12087212     0.075569044      0.99061524       1.0043378   2.1647435e-09       67.568707      0.31604653        0.144292      0.68387431      0.24605518      0.24738757       2.3777705       9.6434525       0.8196165      0.99709811      0.46077214      0.61453759       2.1647435       1.8610927       13.743808       146.41516       399.89009      -2.0394109       -2.0421894                 0.0027784523       595.15716             195.26706                        399.89009
             25       284.69715       3.0878971      0.95820909       1.0414374     0.022775006      0.12087212     0.075569044      0.99061524       1.0043378    2.193091e-09       67.568707      0.31604653        0.144292      0.68387431      0.24605518      0.24738757       2.3777705       9.6434525      0.82865723       1.0080965      0.46585466      0.62131621        2.193091       1.8854639       13.743808       146.41516       399.18932      -2.0394109       -2.0421894                 0.0027784523       573.47313             174.28381                        399.18932
              1        276.5573       3.0784114      0.96326037       1.0414374     0.022775006      0.12087212     0.075569044      0.99413371      0.99698512   2.1723864e-09       67.568707      0.31604653        0.144292      0.68387431      0.24605518      0.24738757       2.3777705       9.6434525      0.82631371       1.0052455      0.46453717      0.61955906       2.1723864       1.8676635       13.743808       146.41516       398.69198      -5.0205395       -2.0421894                   -2.9783501       563.15567             164.46369                        398.69198
             11       275.55547       3.0782032      0.96304832       1.0413513     0.022849413      0.12090211     0.074759916      0.99413371      0.99698512   2.1719341e-09       67.591553      0.31606142      0.14439639      0.68385948      0.24608621      0.24741871       2.3650349        9.550155      0.82586778       1.0045332      0.46429742        0.619232       2.1719341       1.8702989       13.738983        146.3258       398.08176      -5.0205395       -2.0421894                   -2.9783501       561.15202             163.07026                        398.08176
              3       275.37744        3.078016      0.95921197        1.041085     0.022599513      0.12243134     0.073709856      0.99413371      0.99698512   2.1715278e-09       66.768584       0.3267705      0.14567572      0.67314844      0.24598075      0.24731286       2.4082244       9.5520074      0.83044017       1.0163008      0.47471152      0.62786903       2.1715278       1.8738802       13.778001       146.20227       398.02402      -5.0205395       -2.0421894                   -2.9783501       560.79597             162.77195                        398.02402
             13       274.78762       3.0820995      0.96347959        1.041085     0.022599513      0.12243134     0.073709856      0.99413371      0.99698512   2.1804132e-09       66.768584       0.3267705      0.14567572      0.67314844      0.24598075      0.24731286       2.4082244       9.5520074      0.83347163       1.0200107      0.47644442      0.63016102       2.1804132       1.8815477       13.778001       146.20227       397.78089      -5.0205395       -2.0421894                   -2.9783501       559.61631             161.83542                        397.78089
             12       275.79489        3.076477       0.9666739       1.0413596     0.022531675      0.12108118      0.07414419      0.99413371      0.99698512   2.1681882e-09       67.267635       0.3188062      0.14425772      0.68111394      0.24595169       0.2472837       2.4201497       9.5836336      0.82823439       1.0098344      0.46764537      0.62235036       2.1681882       1.8693738       13.771506        146.6282       397.65812      -5.0205395       -2.0421894                   -2.9783501       561.63085             163.97273                        397.65812
              2       276.20083       3.0743681      0.97668336       1.0413596     0.022531675      0.12108118      0.07414419      0.99413371      0.99698512   2.1636206e-09       67.267635       0.3188062      0.14425772      0.68111394      0.24595169       0.2472837       2.4201497       9.5836336      0.83050695       1.0126053      0.46892852      0.62405801       2.1636206       1.8654357       13.771506        146.6282       397.06175      -5.0205395       -2.0421894                   -2.9783501       562.44274               165.381                        397.06175
              8       274.77823       3.0705949      0.97705054       1.0412695     0.022483758      0.12078601     0.073174509      0.99413371      0.99698512   2.1554722e-09       67.299988      0.31774227      0.14391464      0.68217795      0.24593113      0.24726307       2.4286254       9.5009625       0.8281849       1.0095314       0.4668365      0.62179332       2.1554722        1.862018       13.777865       146.75839       396.40327      -5.0205395       -2.0421894                   -2.9783501       559.59755             163.19428                        396.40327
             10       273.68856       3.0694974      0.97545259       1.0412695     0.022483758      0.12078601     0.073174509      0.99297637       1.0047428   2.1531079e-09       67.299988      0.31774227      0.14391464      0.68217795      0.24593113      0.24726307       2.4286254       9.5009625      0.82722817       1.0083651       0.4662972      0.62107502       2.1531079       1.8599755       13.777865       146.75839       396.48608      -4.1917635       -2.0421894                   -2.1495741       555.76065             159.27457                        396.48608
             23        274.4395       3.0603212      0.98413799       1.0412695     0.022483758      0.12078601     0.073174509      0.99404928      0.99502624   2.1334409e-09       67.299988      0.31774227      0.14391464      0.68217795      0.24593113      0.24726307       2.4286254       9.5009625      0.82616843       1.0070734      0.46569984      0.62027938       2.1334409       1.8429861       13.777865       146.75839       395.91292      -4.9651091       -2.0421894                   -2.9229197       558.80921             162.89629                        395.91292
              7       272.09714       3.0644587      0.97640852       1.0412695     0.022483758      0.12078601     0.073174509       0.9938235      0.99851553   2.1422863e-09       67.299988      0.31774227      0.14391464      0.68217795      0.24593113      0.24726307       2.4286254       9.5009625      0.82544641       1.0061932      0.46529285      0.61973729       2.1422863       1.8506272       13.777865       146.75839       396.31053      -4.8129956       -2.0421894                   -2.7708062       553.82027             157.50974                        396.31053
             16       271.50406       3.0695196      0.97369452          1.0411     0.022457776      0.12198481     0.073563209       0.9938235      0.99851553   2.1531557e-09       66.808483      0.32506234      0.14508746       0.6748567      0.24591999      0.24725189       2.4332395       9.5681672      0.83058282       1.0161718      0.47355047      0.62715459       2.1531557       1.8585714        13.79021       146.47394       396.99461      -4.8129956       -2.0421894                   -2.7708062       552.63412             155.63951                        396.99461
              8       271.50566       3.0636433      0.98038656          1.0411     0.022457776      0.12198481     0.073563209       0.9938235      0.99851553   2.1405401e-09       66.808483      0.32506234      0.14508746       0.6748567      0.24591999      0.24725189       2.4332395       9.5681672      0.83024597       1.0157597      0.47335841      0.62690024       2.1405401       1.8476818        13.79021       146.47394       396.57974      -4.8129956       -2.0421894                   -2.7708062        552.6373             156.05756                        396.57974
             15       271.91838       3.0361575      0.98498949       1.0410024     0.022506063      0.11929005      0.06455744       0.9938235      0.99851553   2.0825069e-09       67.752139      0.31030511      0.14244098      0.68961616       0.2459407      0.24727267       2.4246745       8.6535586      0.81118524      0.98550433      0.45187104      0.60543465       2.0825069       1.8302591       13.777454       147.12757        391.6413      -4.8129956       -2.0421894                   -2.7708062       553.46276             161.82146                         391.6413
              4       272.97767       3.0266983      0.98164132       1.0402421     0.022431792      0.12008698     0.058608419       0.9938235      0.99851553   2.0629009e-09       67.156723      0.31743421      0.14316364      0.68248566      0.24590886      0.24724072       2.4378673       8.1028864      0.80856303      0.98666365      0.45555492      0.60691422       2.0629009       1.8347282       13.811011       146.99968       390.54027      -4.8129956       -2.0421894                   -2.7708062       555.58134             165.04106                        390.54027
             17        273.4364       3.0251033      0.97465318       1.0401102     0.022234607      0.12302901     0.053854049      0.99110321       1.0002351   2.0596132e-09       65.939079      0.33557902      0.14590849      0.66433787      0.24582453      0.24715607       2.4734262       7.7137552      0.81582147       1.0046706      0.47259871      0.62093169       2.0596132       1.8493054       13.846362       146.44871       390.54282      -2.5350121       -2.0421894                  -0.49282267       551.94281             161.39999                        390.54282
              2        272.5195       3.0226018      0.97799609       1.0403339      0.02243668      0.12163176     0.053694815      0.99110321       1.0002351   2.0544675e-09       66.656554      0.32570374       0.1447133      0.67421493      0.24591095      0.24724282       2.4369958       7.6306446       0.8108611       0.9931733      0.46276216      0.61256496       2.0544675       1.8452727       13.813917        146.5892       390.71295      -2.5350121       -2.0421894                  -0.49282267       550.10903             159.39608                        390.71295
              4       272.48745       3.0225436      0.97705074       1.0403131     0.022298021      0.12204167     0.054019271      0.99110321       1.0002351   2.0543481e-09       66.394703      0.32889318      0.14498455      0.67102484      0.24585172      0.24718337       2.4619059       7.7013381      0.81238243       0.9969969       0.4658949      0.61521121       2.0543481       1.8439684       13.830155       146.63545       390.65374      -2.5350121       -2.0421894                  -0.49282267       550.04493             159.39119                        390.65374
              5       273.36868       3.0374501      0.97601175       1.0411893     0.022549333      0.12333009     0.057375537      0.99110321       1.0002351   2.0852006e-09       66.456675      0.33176641      0.14652429      0.66815176      0.24595926      0.24729129       2.4170374       8.0081079      0.82209544       1.0084467      0.47352013      0.62392206       2.0852006       1.8591399       13.783237         146.025       390.36372      -2.5350121       -2.0421894                  -0.49282267       551.80739             161.44366                        390.36372
              7       270.49628       3.0390412      0.97650335       1.0411154     0.022567272      0.12310766     0.058396336      0.99336486      0.99614249    2.088521e-09       66.522167      0.33065136       0.1463198      0.66926697      0.24596694      0.24729901       2.4138814       8.1024842      0.82205461       1.0079001      0.47270025       0.6233662        2.088521       1.8583026        13.78283       146.06273       390.44847      -4.4865576       -2.0421894                   -2.4443682       549.96568             159.51721                        390.44847
             10       270.01136       3.0458752      0.97587285       1.0411133     0.022604096      0.12353431      0.06067964      0.99586089      0.99412354   2.1028427e-09       66.408041      0.33283978      0.14678327      0.66707827       0.2459827      0.24731483       2.4074218       8.3277668      0.82586864       1.0134461      0.47646235      0.62729205       2.1028427       1.8625208       13.780688       145.91257       390.83801      -5.9806054       -2.0421894                   -3.9384161       551.98393             161.14592                        390.83801
              5       268.14611       3.0459453      0.97588467       1.0411061       0.0226123      0.12352579     0.060659779      0.99614233      0.99934963   2.1029902e-09       66.415336      0.33276594      0.14678295      0.66715213      0.24598621      0.24731835       2.4059861       8.3236862      0.82583465       1.0133487      0.47638989      0.62723144       2.1029902       1.8627253       13.780043        145.9058       390.82622      -6.1056383       -2.0421894                   -4.0634489       548.50349             157.67727                        390.82622
              1       267.57557       3.0484635      0.97405743       1.0408412     0.022435543      0.12423775      0.06188296      0.99614233      0.99934963   2.1082926e-09       65.941185      0.33879953      0.14731816      0.66111736      0.24591047      0.24724233       2.4371985       8.4991162      0.82894455       1.0208152      0.48249952      0.63242814       2.1082926       1.8628592       13.808361       145.91595       391.27613      -6.1056383       -2.0421894                   -4.0634489       547.36242             156.08629                        391.27613
              5       267.14157       3.0506458        0.977961       1.0408412     0.022435543      0.12423775      0.06188296      0.99614233      0.99934963   2.1128984e-09       65.941185      0.33879953      0.14731816      0.66111736      0.24591047      0.24724233       2.4371985       8.4991162      0.83106623       1.0234279      0.48373447      0.63404683       2.1128984       1.8669288       13.808361       145.91595       391.23099      -6.1056383       -2.0421894                   -4.0634489       546.49442             155.26343                        391.23099
             10       267.09912       3.0424492      0.97908727       1.0409101     0.022506971      0.12359398     0.058482028      0.99614233      0.99934963   2.0956508e-09       66.239448      0.33445087      0.14674582      0.66546677      0.24594109      0.24727306       2.4245139       8.1328814      0.82581567       1.0146699      0.47758347      0.62800949       2.0956508       1.8643269        13.79681       146.00346       390.48494      -6.1056383       -2.0421894                   -4.0634489       546.40951             155.92457                        390.48494
             20       267.24654       3.0442575      0.96874205       1.0409101     0.022506971      0.12359398     0.058482028      0.99614233      0.99934963   2.0994437e-09       66.239448      0.33445087      0.14674582      0.66546677      0.24594109      0.24727306       2.4245139       8.1328814      0.82335366       1.0116448      0.47615964      0.62613719       2.0994437       1.8677012        13.79681       146.00346       390.39946      -6.1056383       -2.0421894                   -4.0634489       546.70435              156.3049                        390.39946
              4       266.94258       3.0517349      0.96675873       1.0401225     0.022648706      0.12415099      0.05959149      0.99614233      0.99934963   2.1152009e-09       65.908273      0.33942897      0.14744457      0.66048784      0.24600175      0.24733394       2.3996297       8.2180292      0.82618813       1.0176747      0.48134161      0.63061773       2.1152009       1.8775483       13.807954       145.70564       390.64937      -6.1056383       -2.0421894                   -4.0634489       546.09644             155.44708                        390.64937
              1       266.95187       3.0518513      0.96682877       1.0401276     0.022653434      0.12412582      0.05966027      0.99651407      0.99800701   2.1154472e-09       65.922326      0.33923722      0.14742412      0.66067962      0.24600376      0.24733596       2.3988062       8.2233296      0.82616672       1.0175399      0.48119316      0.63051231       2.1154472       1.8775086       13.807234       145.70694       390.66172      -6.2572985       -2.0421894                   -4.2151091       546.41834             155.75663                        390.66172
             19        267.6067       3.0565373      0.96577552       1.0400259     0.022653578      0.12463146     0.060981634      0.99651407      0.99800701   2.1253834e-09        65.72002      0.34250002      0.14792991      0.65741631      0.24600382      0.24733602       2.3987811       8.3624871      0.82923266       1.0228868      0.48529599      0.63436841       2.1253834       1.8813487       13.811993       145.57744        391.0236      -6.2572985       -2.0421894                   -4.2151091         547.728              156.7044                         391.0236
              1       268.07469       3.0594778      0.96574976       1.0400259     0.022653578      0.12463146     0.060981634      0.99651407      0.99800701   2.1316423e-09        65.72002      0.34250002      0.14792991      0.65741631      0.24600382      0.24733602       2.3987811       8.3624871      0.83044478       1.0243819      0.48600536      0.63529569       2.1316423        1.886889       13.811993       145.57744       391.00107      -6.2572985       -2.0421894                   -4.2151091       548.66399             157.66292                        391.00107
              6       266.92804       3.0565495      0.96555303       1.0401213      0.02254106      0.12471606     0.060338936      0.99651407      0.99800701   2.1254093e-09       65.630142      0.34337393      0.14790198      0.65654217      0.24595571      0.24728773       2.4184949       8.3274793      0.82996642       1.0244927      0.48634469      0.63533437       2.1254093       1.8837915       13.820849       145.67844       390.89377      -6.2572985       -2.0421894                   -4.2151091       546.37068             155.47691                        390.89377
             23       268.27623        3.056842      0.96427292       1.0399089      0.02253863      0.12515436     0.059576941      0.99651407      0.99800701   2.1260312e-09       65.412308      0.34668342      0.14833786      0.65323212      0.24595467      0.24728669        2.418923       8.2591959      0.83081293       1.0272438      0.48918122      0.63750928       2.1260312       1.8872166       13.828932       145.56896         390.727      -6.2572985       -2.0421894                   -4.2151091       549.06706             158.34006                          390.727
              8       268.39034        3.056438       0.9659269       1.0399089      0.02253863      0.12515436     0.059576941      0.99651407      0.99800701   2.1251724e-09       65.412308      0.34668342      0.14833786      0.65323212      0.24595467      0.24728669        2.418923       8.2591959      0.83115472       1.0276664      0.48938247      0.63777155       2.1251724       1.8864543       13.828932       145.56896       390.69013      -6.2572985       -2.0421894                   -4.2151091       549.29527             158.60514                        390.69013
             10       270.19689       3.0602356      0.96781834       1.0398828     0.022711647      0.12438825     0.061466927      0.99665653      0.99890776   2.1332584e-09       65.801705      0.34122262      0.14774476      0.65869392      0.24602848      0.24736077       2.3886987       8.3918846      0.83027241       1.0235334      0.48499751      0.63457076       2.1332584       1.8864876       13.809557        145.5765        391.1206      -6.3113486       -2.0421894                   -4.2691592       553.01647             161.89587                         391.1206
             18        268.8568       3.0498603      0.96172018        1.040933     0.022645023      0.12742711     0.051710534      0.99665653      0.99890776   2.1112396e-09       65.096437      0.35567048        0.150717      0.64424424      0.24600018      0.24733236       2.4002718       7.4685178      0.83459609        1.034422      0.49773738      0.64452282       2.1112396       1.9038044       13.794581       144.87877       390.22761      -6.3113486       -2.0421894                   -4.2691592        550.3363             160.10869                        390.22761
              3       269.03282       3.0500262      0.96189204       1.0409302     0.022669333      0.12735236     0.051732908      0.99665653      0.99890776   2.1115898e-09       65.140021       0.3550758      0.15066656      0.64483903      0.24601053      0.24734275       2.3960393       7.4645074      0.83440605       1.0338404      0.49720786      0.64410655       2.1115898        1.904035       13.791973       144.87138       390.22633      -6.3113486       -2.0421894                   -4.2691592       550.68833               160.462                        390.22633
              9       268.18715       3.0445173      0.96428155       1.0409302     0.022669333      0.12735236     0.051732908      0.99665653      0.99890776   2.0999892e-09       65.140021       0.3550758      0.15066656      0.64483903      0.24601053      0.24734275       2.3960393       7.4645074      0.83284848       1.0319105      0.49627973      0.64290421       2.0999892       1.8935746       13.791973       144.87138       390.33266      -6.3113486       -2.0421894                   -4.2691592       548.99699             158.66433                        390.33266
             12       268.56924       3.0432065      0.96392735       1.0410036     0.022509632      0.12753387     0.052083461      0.99665653      0.99890776   2.0972383e-09       64.972348      0.35696252      0.15068837      0.64295187      0.24594223      0.24727421       2.4240433       7.5388185      0.83339317        1.033917      0.49792192      0.64417756       2.0972383       1.8897687       13.806542       144.99807        390.2445      -6.3113486       -2.0421894                   -4.2691592       549.76118             159.51668                         390.2445
             18       266.48938       3.0466231      0.96593956       1.0407502     0.022647751       0.1265755     0.054315661      0.99665653      0.99890776   2.1044161e-09       65.314978      0.35130447      0.14986812      0.64861081      0.24600134      0.24733353       2.3997962       7.7252516      0.83183283       1.0292708      0.49303517      0.64040834       2.1044161       1.8877898       13.797191       145.09023       390.10226      -6.3113486       -2.0421894                   -4.2691592       545.60147              155.4992                        390.10226
              2       266.60179       3.0476849       0.9663659       1.0407502     0.022647751       0.1265755     0.054315661      0.99665653      0.99890776   2.1066518e-09       65.314978      0.35130447      0.14986812      0.64861081      0.24600134      0.24733353       2.3997962       7.7252516      0.83240648       1.0299806      0.49337518      0.64084998       2.1066518       1.8897953       13.797191       145.09023       390.09813      -6.3113486       -2.0421894                   -4.2691592       545.82627             155.72814                        390.09813
              4        266.9669        3.047597      0.96763398       1.0407502     0.022647751       0.1265755     0.054315661      0.99665653      0.99890776   2.1064665e-09       65.314978      0.35130447      0.14986812      0.64861081      0.24600134      0.24733353       2.3997962       7.7252516      0.83276253       1.0304212      0.49358621      0.64112409       2.1064665       1.8896291       13.797191       145.09023       390.13295      -6.3113486       -2.0421894                   -4.2691592        546.5565             156.42355                        390.13295
              4       266.40801       3.0530434      0.95890193       1.0407502     0.022647751       0.1265755     0.054315661      0.99665653      0.99890776   2.1179705e-09       65.314978      0.35130447      0.14986812      0.64861081      0.24600134      0.24733353       2.3997962       7.7252516      0.83233138       1.0298877      0.49333066      0.64079216       2.1179705       1.8999489       13.797191       145.09023       389.85528      -6.3113486       -2.0421894                   -4.2691592       545.43872             155.58343                        389.85528
              2       267.04719        3.056203      0.95934716       1.0407249     0.022751357       0.1264303     0.055294032      0.99665653      0.99890776    2.124673e-09       65.440524       0.3498607      0.14982652      0.65005491      0.24604524      0.24737759       2.3818406       7.8000785      0.83293149       1.0296412      0.49267085      0.64059431        2.124673       1.9022356       13.786975       145.01512       389.93445      -6.3113486       -2.0421894                   -4.2691592       546.71707             156.78263                        389.93445
              4       268.18645       3.0511875      0.95660776       1.0398883     0.022516829      0.12703391     0.053175743      0.99665653      0.99890776   2.1140433e-09       64.771523      0.35800493       0.1501956      0.64190894      0.24594532      0.24727731        2.422771       7.6417249      0.83176204       1.0334918      0.49767245      0.64338561       2.1140433       1.9007545       13.837736       145.11605        389.9095      -6.3113486       -2.0421894                   -4.2691592        548.9956              159.0861                         389.9095
              2       271.65466       3.0566527      0.95283598       1.0409309     0.022619281       0.1294053     0.051128067      0.99665653      0.99890776   2.1256287e-09       64.440028      0.36765518      0.15266945      0.63225779      0.24598919      0.24732134       2.4047653       7.4418068      0.84047606       1.0470019       0.5096191      0.65446364       2.1256287       1.9190139       13.802864       144.41252       389.90712      -6.3113486       -2.0421894                   -4.2691592       555.93201             166.02489                        389.90712
             16       272.42419       3.0530109      0.94925277       1.0409309     0.022619281       0.1294053     0.051128067      0.99665653      0.99890776   2.1179017e-09       64.440028      0.36765518      0.15266945      0.63225779      0.24598919      0.24732134       2.4047653       7.4418068      0.83784704       1.0437269        0.508025      0.65241646       2.1179017       1.9120381       13.802864       144.41252       389.90278      -6.3113486       -2.0421894                   -4.2691592       557.47108              167.5683                        389.90278
              4       271.99212       3.0511175      0.95127775       1.0409309     0.022619281       0.1294053     0.051128067      0.99665653      0.99890776   2.1138954e-09       64.440028      0.36765518      0.15266945      0.63225779      0.24598919      0.24732134       2.4047653       7.4418068      0.83767483       1.0435124      0.50792058      0.65228237       2.1138954       1.9084212       13.802864       144.41252        389.9107      -6.3113486       -2.0421894                   -4.2691592       556.60693             166.69623                         389.9107
              6       271.13981       3.0621152      0.95360134       1.0405314     0.022975352      0.12838001     0.055388015      0.99665653      0.99890776   2.1372717e-09       64.933029      0.36050634      0.15200023      0.63940795      0.24613819      0.24747088       2.3437127       7.7897329       0.8383249       1.0403501      0.50334855      0.64959189       2.1372717       1.9131557       13.775764       144.28716       389.89097      -6.3113486       -2.0421894                   -4.2691592       554.90232             165.01134                        389.89097
              2       271.42492       3.0620848      0.95366669       1.0405325      0.02298091      0.12835105     0.055382376      0.99655534      0.99694373   2.1372066e-09       64.947342      0.36029199      0.15197683      0.63962233      0.24614048      0.24747318        2.342778       7.7874831      0.83822914       1.0401167      0.50314141      0.64942112       2.1372066       1.9131191       13.775084       144.28845       389.89097      -6.2731902       -2.0421894                   -4.2310008       555.39622             165.50525                        389.89097
             10        271.1414       3.0619327      0.95345886       1.0405325      0.02298091      0.12835105     0.055382376      0.99662939      0.99882594   2.1368816e-09       64.947342      0.36029199      0.15197683      0.63962233      0.24614048      0.24747318        2.342778       7.7874831       0.8381012       1.0399579      0.50306461        0.649322       2.1368816       1.9128281       13.775084       144.28845       389.88772      -6.3012273       -2.0421894                   -4.2590379       554.88525             164.99752                        389.88772
              6       272.13997       3.0649611       0.9530052       1.0405325      0.02298091      0.12835105     0.055382376      0.99662939      0.99882594   2.1433628e-09       64.947342      0.36029199      0.15197683      0.63962233      0.24614048      0.24747318        2.342778       7.7874831      0.83923092       1.0413597      0.50374272      0.65019725       2.1433628       1.9186297       13.775084       144.28845       389.84583      -6.3012273       -2.0421894                   -4.2590379       556.88239             167.03656                        389.84583
              5       268.50196        3.062321      0.95186715       1.0403328      0.02272193      0.12869071     0.055452009      0.99662939      0.99882594   2.1377115e-09       64.555724      0.36487015       0.1520575      0.63504313      0.24603283      0.24736513       2.3869199       7.8574329      0.83947865       1.0448219      0.50708274       0.6524455       2.1377115       1.9133045       13.808356        144.4803       389.86763      -6.3012273       -2.0421894                   -4.2590379       549.60637             159.73874                        389.86763
              1       268.63246       3.0532818      0.96167926       1.0403328      0.02272193      0.12869071     0.055452009      0.99662939      0.99882594   2.1184755e-09       64.555724      0.36487015       0.1520575      0.63504313      0.24603283      0.24736513       2.3869199       7.8574329      0.83871019       1.0438655      0.50661855      0.65184825       2.1184755       1.8960878       13.808356        144.4803        390.0379      -6.3012273       -2.0421894                   -4.2590379       549.86737             159.82947                         390.0379
              4       268.66439       3.0530604      0.96206466       1.0403755     0.022737763      0.12854177     0.055513377      0.99662939      0.99882594   2.1180065e-09       64.630652      0.36370598      0.15192439       0.6362075      0.24603951      0.24737184       2.3841849       7.8578987      0.83830196       1.0427524      0.50556349      0.65101065       2.1180065       1.8954354        13.80505       144.50045       390.05432      -6.3012273       -2.0421894                   -4.2590379       549.93123             159.87691                        390.05432
              6       268.49939       3.0522707      0.96175204       1.0403606     0.022715657      0.12865275     0.055087543      0.99662939      0.99882594   2.1163346e-09       64.571774      0.36458271      0.15201327      0.63533061      0.24603017      0.24736247       2.3880048       7.8208881      0.83825484       1.0431691      0.50614402        0.651366       2.1163346       1.8955529       13.808059       144.49645        390.0372      -6.3012273       -2.0421894                   -4.2590379       549.60124             159.56404                         390.0372
              9       268.49263       3.0607905      0.95102062       1.0403606     0.022715657      0.12865275     0.055087543      0.99662939      0.99882594   2.1344423e-09       64.571774      0.36458271      0.15201327      0.63533061      0.24603017      0.24736247       2.3880048       7.8208881      0.83852195       1.0435015       0.5063053      0.65157356       2.1344423       1.9117715       13.808059       144.49645       389.87545      -6.3012273       -2.0421894                   -4.2590379       549.58772             159.71227                        389.87545
              3       268.86547       3.0618183      0.94937842       1.0403606     0.022715657      0.12865275     0.055087543      0.99662939      0.99882594   2.1366373e-09       64.571774      0.36458271      0.15201327      0.63533061      0.24603017      0.24736247       2.3880048       7.8208881      0.83844886       1.0434105      0.50626117      0.65151677       2.1366373       1.9137376       13.808059       144.49645       389.86276      -6.3012273       -2.0421894                   -4.2590379       550.33339             160.47063                        389.86276
              4       267.86498         3.05156      0.95326215       1.0406784     0.022845882       0.1269041     0.052378945      0.99662939      0.99882594   2.1148311e-09       65.349648      0.35216521      0.15039485      0.64775017      0.24608475      0.24741724       2.3656367        7.486747      0.83013298        1.026895      0.49263004      0.63949077       2.1148311       1.9044953       13.780219       144.79431       389.86701      -6.3012273       -2.0421894                   -4.2590379       548.33241              158.4654                        389.86701
              8       268.15426        3.048446      0.95559402       1.0406784     0.022845882       0.1269041     0.052378945      0.99681169       0.9994002   2.1082557e-09       65.349648      0.35216521      0.15039485      0.64775017      0.24608475      0.24741724       2.3656367        7.486747      0.82955654       1.0261819      0.49228796      0.63904671       2.1082557       1.8985739       13.780219       144.79431       389.90271      -6.3676523       -2.0421894                   -4.3254629       549.04382             159.14111                        389.90271
              8       268.55501       3.0489641      0.95567051       1.0407463     0.022866832      0.12692091     0.052467041      0.99681169       0.9994002   2.1093482e-09       65.384276      0.35188062      0.15043261      0.64803484      0.24609343      0.24742596       2.3620685       7.4917696      0.82983878       1.0262592      0.49225644      0.63913495       2.1093482       1.8992231       13.776114       144.76754       389.91454      -6.3676523       -2.0421894                   -4.3254629       549.84533             159.93078                        389.91454
             34       268.46706       3.0553721      0.95379231       1.0407463     0.022866832      0.12692091     0.052467041      0.99681169       0.9994002   2.1229084e-09       65.384276      0.35188062      0.15043261      0.64803484      0.24609343      0.24742596       2.3620685       7.4917696      0.83192338       1.0288372      0.49349301      0.64074048       2.1229084       1.9114325       13.776114       144.76754       389.81208      -6.3676523       -2.0421894                   -4.3254629       549.66943             159.85734                        389.81208
              1       268.60079       3.0544546      0.95052938       1.0407463     0.022866832      0.12692091     0.052467041      0.99681169       0.9994002   2.1209614e-09       65.384276      0.35188062      0.15043261      0.64803484      0.24609343      0.24742596       2.3620685       7.4917696      0.83053963       1.0271259      0.49267218      0.63967473       2.1209614       1.9096795       13.776114       144.76754       389.72599      -6.3676523       -2.0421894                   -4.3254629       549.93688             160.21089                        389.72599
             16       269.49513       3.0449619      0.95043324       1.0408448      0.02286475      0.12680296     0.048054493      0.99681169       0.9994002    2.100923e-09       65.453624       0.3508552      0.15031257      0.64906045      0.24609257      0.24742509       2.3624228       7.0273984        0.826343       1.0213945      0.48946801      0.63597835        2.100923       1.9084049       13.773027        144.7994       390.84724      -6.3676523       -2.0421894                   -4.3254629       551.72557             160.87833                        390.84724
              6        269.5963       3.0446365      0.95002634       1.0407498     0.022908798      0.12691247     0.047281696      0.99681169       0.9994002   2.1002396e-09       65.423347      0.35153878      0.15046613      0.64837679      0.24611077      0.24744336        2.354945       6.9374114      0.82614336        1.021384      0.48982623      0.63613417       2.1002396       1.9107351       13.771723       144.72464       391.24868      -6.3676523       -2.0421894                   -4.3254629        551.9279             160.67923                        391.24868
              3       269.54621       3.0451378       0.9503785       1.0407606     0.022922971      0.12677596     0.047675222      0.99681169       0.9994002   2.1012928e-09       65.483254      0.35061058       0.1503438      0.64930514      0.24611662      0.24744923       2.3525464       6.9747803      0.82601168       1.0207539      0.48910117      0.63561252       2.1012928       1.9101892       13.769547       144.74375       391.02694      -6.3676523       -2.0421894                   -4.3254629       551.82772             160.80078                        391.02694
              8       271.28689       3.0442178      0.95953137       1.0407606     0.022922971      0.12677596     0.047675222      0.99681169       0.9994002   2.0993605e-09       65.483254      0.35061058       0.1503438      0.64930514      0.24611662      0.24744923       2.3525464       6.9747803       0.8284369       1.0237509      0.49053719      0.63747872       2.0993605       1.9084327       13.769547       144.74375       391.58232      -6.3676523       -2.0421894                   -4.3254629       555.30909             163.72677                        391.58232
              1       269.00195       3.0352056      0.95973077       1.0406266     0.022816454      0.12641276     0.044695181      0.99681169       0.9994002   2.0805255e-09       65.468019      0.34967786      0.14987408      0.65023782      0.24607251      0.24740496       2.3706631       6.6692764      0.82395584       1.0183319      0.48723447      0.63360847       2.0805255       1.9026167       13.783249       144.94944       393.57852      -6.3676523       -2.0421894                   -4.3254629        550.7392             157.16068                        393.57852
              5       268.77392       3.0329609      0.95553846       1.0406266     0.022816454      0.12641276     0.044695181      0.99681169       0.9994002   2.0758605e-09       65.468019      0.34967786      0.14987408      0.65023782      0.24607251      0.24740496       2.3706631       6.6692764      0.82175344       1.0156099      0.48593211      0.63191485       2.0758605       1.8983506       13.783249       144.94944       393.29967      -6.3676523       -2.0421894                   -4.3254629       550.28315             156.98347                        393.29967
              4       268.64098       3.0331314      0.95531002       1.0405921     0.022804324      0.12649675      0.04470408      0.99681169       0.9994002   2.0762146e-09        65.41898      0.35037022      0.14994594      0.64954534      0.24606745      0.24739988       2.3727397        6.673592      0.82201155       1.0163096      0.48656572        0.632426       2.0762146       1.8986406       13.785772       144.94137       393.25564      -6.3676523       -2.0421894                   -4.3254629       550.01726             156.76162                        393.25564
             12       268.62285       3.0332886      0.95537779       1.0405927     0.022810077      0.12647073     0.044783977      0.99681169       0.9994002    2.076541e-09       65.432487      0.35017824      0.14992568      0.64973735      0.24606985      0.24740229       2.3717543       6.6808639      0.82199883        1.016189      0.48642488      0.63232957        2.076541       1.8986357       13.785089       144.94173       393.19322      -6.3676523       -2.0421894                   -4.3254629         549.981             156.78778                        393.19322
             12       268.28147       3.0367655      0.95558649       1.0405927     0.022810077      0.12647073     0.044783977      0.99681169       0.9994002   2.0837734e-09       65.432487      0.35017824      0.14992568      0.64973735      0.24606985      0.24740229       2.3717543       6.6808639      0.82349267       1.0180357      0.48730887      0.63347872       2.0837734       1.9052485       13.785089       144.94173       393.14473      -6.3676523       -2.0421894                   -4.3254629       549.29824             156.15352                        393.14473
             10       269.21669         3.03479      0.95819342       1.0405927     0.022810077      0.12647073     0.044783977      0.99651353       1.0020566   2.0796611e-09       65.432487      0.35017824      0.14992568      0.64973735      0.24606985      0.24740229       2.3717543       6.6808639       0.8234745       1.0180133      0.48729812      0.63346474       2.0796611       1.9014885       13.785089       144.94173       393.44424      -6.2570891       -2.0421894                   -4.2148997       550.94755             157.50332                        393.44424
              7       267.67643       3.0390226      0.95840329       1.0405027     0.022781328      0.12642614     0.047152326      0.99684497      0.99660795   2.0884821e-09       65.393129      0.35042838      0.14985233      0.64948711      0.24605783      0.24739023       2.3766843       6.9418671      0.82516214       1.0204065      0.48847116       0.6348763       2.0884821       1.9005301       13.790563        144.9839       391.81449      -6.3793818       -2.0421894                   -4.3371925       548.11162             156.29713                        391.81449
              5       267.01499       3.0388179      0.96003638       1.0405027     0.022781328      0.12642614     0.047152326      0.99744824      0.99849697   2.0880545e-09       65.393129      0.35042838      0.14985233      0.64948711      0.24605783      0.24739023       2.3766843       6.9418671      0.82557721       1.0209198      0.48871687      0.63519565       2.0880545        1.900141       13.790563        144.9839       391.89285      -6.5706445       -2.0421894                   -4.5284551       547.17127             155.27843                        391.89285
              8       268.32462        3.035333      0.95802264       1.0404221     0.022570221      0.12719313     0.045672879      0.99735482       1.0028878   2.0807905e-09       64.940721        0.356646      0.15040822      0.64326831      0.24596821      0.24730028       2.4133632       6.8339007      0.82647075       1.0255786      0.49356706      0.63868517       2.0807905       1.8991418       13.816777       145.01824        392.5998      -6.5436727       -2.0421894                   -4.5014833       549.73658             157.13678                         392.5998
             23       268.51827       3.0472355      0.96055734       1.0404839     0.022836862      0.12637691     0.050949475      0.99735482       1.0028878   2.1057052e-09       65.449415      0.34984063      0.14985864        0.650075        0.246081      0.24741348       2.3671757       7.3317711      0.82884149       1.0245156      0.49023759      0.63743961       2.1057052       1.9017062       13.785329       144.93662       390.35219      -6.5436727       -2.0421894                   -4.5014833       550.12388             159.77169                        390.35219
             17       268.52145       3.0472659      0.96050986       1.0404839     0.022836862      0.12637691     0.050949475      0.99736931       1.0029328   2.1057691e-09       65.449415      0.34984063      0.14985864        0.650075        0.246081      0.24741348       2.3671757       7.3317711      0.82883947       1.0245131      0.49023639      0.63743805       2.1057691       1.9017639       13.785329       144.93662       390.32849      -6.5479196       -2.0421894                   -4.5057302       550.13875             159.81026                        390.32849
             21        269.8511        3.055166      0.94388595       1.0404839     0.022836862      0.12637691     0.050949475      0.99752054       1.0006895   2.1224709e-09       65.449415      0.34984063      0.14985864        0.650075        0.246081      0.24741348       2.3671757       7.3317711      0.82702459       1.0222698      0.48916294      0.63604228       2.1224709       1.9168477       13.785329       144.93662       389.74877      -6.5908537       -2.0421894                   -4.5486643       552.88391             163.13513                        389.74877
              3       270.11089       3.0666698      0.94656517       1.0402438     0.022991036      0.12532063      0.05724431      0.99751263       1.0011767   2.1470283e-09       65.845578      0.34356296      0.14895654      0.65635369      0.24614465      0.24747736       2.3410768       7.9248625      0.82855863       1.0210804      0.48565338      0.63434399       2.1470283       1.9147673       13.773496       145.03758       390.01071      -6.5886715       -2.0421894                   -4.5464821       553.39913             163.38842                        390.01071
              7       270.71956       3.0671409      0.95267102       1.0409291     0.023051223      0.12307506     0.061532603      0.99680832       1.0010768   2.1480401e-09       66.875231      0.32817848      0.14677115      0.67174071      0.24616947      0.24750227       2.3310013       8.2974579      0.82400947       1.0076264      0.47204919        0.623677       2.1480401       1.8993099       13.739309        145.5447       391.12234      -6.3664596       -2.0421894                   -4.3242703       554.17203             163.04969                        391.12234
              2       270.30262       3.0731421      0.95365339       1.0406135     0.022916311      0.12261165     0.066313595      0.99680832       1.0010768   2.1609695e-09       66.813776      0.32744218      0.14617283      0.67247687      0.24611387      0.24744647       2.3536731        8.779617      0.82552797       1.0099475      0.47238827      0.62447556       2.1609695       1.8925588       13.760687       145.80995       393.37245      -6.3664596       -2.0421894                   -4.3242703       553.33815              159.9657                        393.37245
              6       269.13776       3.0665624       0.9679951       1.0406135     0.022916311      0.12261165     0.066313595      0.99680832       1.0010768   2.1467977e-09       66.813776      0.32744218      0.14617283      0.67247687      0.24611387      0.24744647       2.3536731        8.779617       0.8272605        1.012067      0.47337967      0.62578615       2.1467977       1.8801473       13.760687       145.80995       392.85974      -6.3664596       -2.0421894                   -4.3242703       551.00844              158.1487                        392.85974
             12       269.66039       3.0630132       0.9661578       1.0406135     0.022916311      0.12261165     0.066313595      0.99633858        1.000887   2.1391918e-09       66.813776      0.32744218      0.14617283      0.67247687      0.24611387      0.24744647       2.3536731        8.779617      0.82522219       1.0095734      0.47221329      0.62424425       2.1391918        1.873486       13.760687       145.80995       392.87136      -6.1876154       -2.0421894                    -4.145426       551.69601             158.82465                        392.87136
              6       269.29786       3.0662341      0.96185377       1.0406135     0.022916311      0.12261165     0.066313595      0.99633858        1.000887    2.146093e-09       66.813776      0.32744218      0.14617283      0.67247687      0.24611387      0.24744647       2.3536731        8.779617      0.82521493       1.0095645      0.47220914      0.62423876        2.146093       1.8795301       13.760687       145.80995       393.04411      -6.1876154       -2.0421894                    -4.145426       550.97095             157.92684                        393.04411
              2       269.22579       3.0662669      0.96207189       1.0406135     0.022916311      0.12261165     0.066313595      0.99633858        1.000887   2.1461633e-09       66.813776      0.32744218      0.14617283      0.67247687      0.24611387      0.24744647       2.3536731        8.779617       0.8252961       1.0096638      0.47225558      0.62430016       2.1461633       1.8795917       13.760687       145.80995        393.0375      -6.1876154       -2.0421894                    -4.145426       550.82682             157.78932                         393.0375
              9       270.06271       3.0616972      0.96728387       1.0406135     0.022916311      0.12261165     0.066313595      0.99671921       1.0002024   2.1363785e-09       66.813776      0.32744218      0.14617283      0.67247687      0.24611387      0.24744647       2.3536731        8.779617      0.82502934       1.0093374      0.47210294      0.62409837       2.1363785       1.8710222       13.760687       145.80995       392.85558       -6.334418       -2.0421894                   -4.2922286       552.79426             159.93868                        392.85558
              4       268.67536       3.0555432      0.96449646       1.0405847        0.022913      0.12366576     0.061306437      0.99671921       1.0002024   2.1232716e-09         66.4452      0.33346501      0.14722362      0.66645314       0.2461125       0.2474451       2.3542335       8.3172568      0.82497885       1.0120711      0.47639583      0.62691027       2.1232716       1.8782589       13.765651       145.54291       390.97183       -6.334418       -2.0421894                   -4.2922286       550.01957             159.04773                        390.97183
             16       268.01102       3.0541439      0.96356403       1.0406891     0.022803719      0.12411043     0.060724798      0.99671921       1.0002024   2.1203025e-09       66.239591      0.33630278      0.14755901      0.66361486       0.2460672      0.24739963       2.3728433       8.2938274      0.82604627       1.0149521       0.4790376      0.62905264       2.1203025       1.8778156       13.775148       145.54758       390.87579       -6.334418       -2.0421894                   -4.2922286       548.69088             157.81508                        390.87579
             16        268.4835       3.0471721       0.9639008       1.0408537     0.022794177      0.12390179     0.057823916      0.99671921       1.0002024   2.1055716e-09       66.356413      0.33462419      0.14734084      0.66529373      0.24606321      0.24739563       2.3744789       8.0055516      0.82283134       1.0101116      0.47598086      0.62582104       2.1055716       1.8756197        13.77048        145.6113       390.23343       -6.334418       -2.0421894                   -4.2922286       549.63583             159.40241                        390.23343
              9       268.74528       3.0479849      0.96446626       1.0408851     0.022855169      0.12368761     0.058145463      0.99671921       1.0002024   2.1072837e-09       66.489773      0.33293668      0.14718764      0.66698157       0.2460886      0.24742111        2.364054        8.020238      0.82245938        1.008642      0.47456454      0.62474799       2.1072837       1.8759381       13.762622       145.59999       390.23156       -6.334418       -2.0421894                   -4.2922286       550.15939             159.92783                        390.23156
             13       267.89428       3.0603286      0.95393864       1.0408851     0.022855169      0.12368761     0.058145463      0.99671921       1.0002024   2.1334566e-09       66.489773      0.33293668      0.14718764      0.66698157       0.2460886      0.24742111        2.364054        8.020238      0.82429548       1.0108937      0.47562398      0.62614271       2.1334566       1.8992376       13.762622       145.59999       390.14989       -6.334418       -2.0421894                   -4.2922286        548.4574             158.30751                        390.14989
             12       267.17327       3.0542783      0.96516512       1.0408851     0.022855169      0.12368761     0.058145463      0.99671921       1.0002024   2.1205876e-09       66.489773      0.33293668      0.14718764      0.66698157       0.2460886      0.24742111        2.364054        8.020238       0.8252681       1.0120865      0.47618518      0.62688152       2.1205876       1.8877815       13.762622       145.59999       390.19278       -6.334418       -2.0421894                   -4.2922286       547.01537             156.82259                        390.19278
              7        268.8146       3.0629115      0.95855677       1.0408851     0.022855169      0.12368761     0.058145463      0.99671921       1.0002024   2.1389743e-09       66.489773      0.33293668      0.14718764      0.66698157       0.2460886      0.24742111        2.364054        8.020238      0.82678686       1.0139491      0.47706152      0.62803519       2.1389743       1.9041495       13.762622       145.59999       390.21064       -6.334418       -2.0421894                   -4.2922286       550.29803              160.0874                        390.21064
              2       269.06058       3.0623431      0.96020466       1.0408851     0.022855169      0.12368761     0.058145463      0.99671921       1.0002024   2.1377588e-09       66.489773      0.33293668      0.14718764      0.66698157       0.2460886      0.24742111        2.364054        8.020238      0.82706213       1.0142867      0.47722036      0.62824429       2.1377588       1.9030675       13.762622       145.59999       390.15297       -6.334418       -2.0421894                   -4.2922286       550.78999             160.63702                        390.15297
              4       266.52899       3.0517778      0.95976458        1.040427     0.022539474      0.12339444      0.05580955      0.99671921       1.0002024   2.1152916e-09       66.172888      0.33474255      0.14657878      0.66517493      0.24595503      0.24728705       2.4187743       7.8516354      0.82244513       1.0110366      0.47584158       0.6255826       2.1152916       1.8918848       13.807259       146.01918       389.93839       -6.334418       -2.0421894                   -4.2922286       545.72682             155.78843                        389.93839
              1       266.19284       3.0510288      0.96048258       1.0404528     0.022626903      0.12307238     0.055341388      0.99671921       1.0002024   2.1137079e-09       66.362804      0.33229662      0.14634415      0.66762132      0.24599245      0.24732461       2.4034336       7.7793309      0.82102079       1.0078405      0.47327887      0.62335527       2.1137079       1.8922392       13.796469        146.0066       389.90912       -6.334418       -2.0421894                   -4.2922286       545.05451             155.14539                        389.90912
             17       266.49256       3.0491621       0.9585773       1.0404528     0.022626903      0.12307238     0.055341388      0.99671921       1.0002024    2.109766e-09       66.362804      0.33229662      0.14634415      0.66762132      0.24599245      0.24732461       2.4034336       7.7793309      0.81967174       1.0061844      0.47250121      0.62233101        2.109766       1.8887104       13.796469        146.0066       389.88404       -6.334418       -2.0421894                   -4.2922286       545.65395             155.76992                        389.88404
             17       266.38291       3.0479629      0.95906319       1.0404931     0.022679904      0.12285257      0.05474699      0.99699755      0.99918414   2.1072374e-09       66.494726      0.33060214      0.14617734      0.66931613      0.24601502      0.24734726       2.3942023       7.7037797      0.81846174        1.003702      0.47059923      0.62061862       2.1072374       1.8886907       13.789096       146.00539       389.86063      -6.4315782       -2.0421894                   -4.3893888       545.62898             155.76835                        389.86063
              5       265.69326       3.0464239      0.96568417       1.0404931     0.022679904      0.12285257      0.05474699      0.99772353        1.002993   2.1039969e-09       66.494726      0.33060214      0.14617734      0.66931613      0.24601502      0.24734726       2.3942023       7.7037797      0.81986188        1.005419      0.47140429      0.62168031       2.1039969       1.8857862       13.789096       146.00539       390.02978      -6.6444872       -2.0421894                   -4.6022978        544.6755             154.64572                        390.02978
              3       268.91359       3.0475803       0.9654249       1.0404092     0.022655864      0.12294453     0.055301496      0.99962194       1.0057016   2.1064314e-09         66.4156      0.33154432      0.14624526      0.66837375      0.24600479        0.247337       2.3983829       7.7667049      0.82055945       1.0068737      0.47247719      0.62265209       2.1064314       1.8858756       13.794376       146.00794       390.02338      -6.9244532       -2.0421894                   -4.8822638       551.67609             161.65271                        390.02338
              2       269.23036       3.0472766      0.96516709       1.0404092     0.022655864      0.12294453     0.055301496      0.99962194       1.0057016   2.1057917e-09         66.4156      0.33154432      0.14624526      0.66837375      0.24600479        0.247337       2.3983829       7.7667049      0.82035561       1.0066236      0.47235982      0.62249741       2.1057917       1.8853029       13.794376       146.00794       390.02115      -6.9244532       -2.0421894                   -4.8822638       552.30962             162.28847                        390.02115
              5       265.98854       3.0482017      0.96515911        1.040498     0.022689272      0.12301865     0.055392653      0.99933943       1.0024923   2.1077406e-09       66.447904      0.33146557      0.14635279      0.66845258        0.246019      0.24735125       2.3925762       7.7698472      0.82092282       1.0070747      0.47263028      0.62289083       2.1077406       1.8867038       13.788603       145.95233       390.02162      -6.9081521       -2.0421894                   -4.8659627       545.79338             155.77176                        390.02162
              2       265.94387       3.0483051      0.96515325        1.040498     0.022689272      0.12301865     0.055392653      0.99933943       1.0024923   2.1079586e-09       66.447904      0.33146557      0.14635279      0.66845258        0.246019      0.24735125       2.3925762       7.7698472      0.82096348       1.0071246      0.47265369      0.62292168       2.1079586       1.8868989       13.788603       145.95233       390.02162      -6.9081521       -2.0421894                   -4.8659627       545.70405             155.68242                        390.02162
              4       266.00583       3.0486229      0.96436582        1.040498     0.022689272      0.12301865     0.055392653      0.99933943       1.0024923   2.1086287e-09       66.447904      0.33146557      0.14635279      0.66845258        0.246019      0.24735125       2.3925762       7.7698472       0.8208517       1.0069874      0.47258933      0.62283686       2.1086287       1.8874988       13.788603       145.95233       389.93766      -6.9081521       -2.0421894                   -4.8659627       545.82797             155.89031                        389.93766
             10       266.84458       3.0465726      0.96714763       1.0408075     0.022776301      0.12193661     0.055847918      0.99933943       1.0024923   2.1043098e-09       66.992048      0.32388569      0.14535778      0.67603379      0.24605572      0.24738811       2.3775479       7.7798765      0.81735842       0.9986215      0.46516649      0.61660988       2.1043098       1.8819185       13.766555       146.13696       390.02528      -6.9081521       -2.0421894                   -4.8659627       547.50546             157.48018                        390.02528
             30       265.92067       3.0548419      0.96401345       1.0408075     0.022776301      0.12193661     0.055847918      0.99933943       1.0024923    2.121783e-09       66.992048      0.32388569      0.14535778      0.67603379      0.24605572      0.24738811       2.3775479       7.7798765      0.81977572       1.0015749       0.4665422      0.61843348        2.121783        1.897545       13.766555       146.13696       389.91172      -6.9081521       -2.0421894                   -4.8659627       545.65764             155.74592                        389.91172
              5       268.89292       3.0477308      0.97397225       1.0408075     0.022776301      0.12193661     0.055847918       1.0003833       1.0051181   2.1067484e-09       66.992048      0.32388569      0.14535778      0.67603379      0.24605572      0.24738811       2.3775479       7.7798765      0.81994433       1.0017809      0.46663815      0.61856067       2.1067484       1.8840993       13.766555       146.13696       390.16022      -6.9242307       -2.0421894                   -4.8820414       551.63431             161.47409                        390.16022
             34       269.05161       3.0616015       0.9644206       1.0408075     0.022776301      0.12193661     0.055847918       1.0003833       1.0051181   2.1361742e-09       66.992048      0.32388569      0.14535778      0.67603379      0.24605572      0.24738811       2.3775479       7.7798765      0.82267729       1.0051199      0.46819351       0.6206224       2.1361742       1.9104152       13.766555       146.13696       389.89368      -6.9242307       -2.0421894                   -4.8820414       551.95168               162.058                        389.89368
              5       269.06368       3.0620029      0.96519477       1.0408075     0.022776301      0.12193661     0.055847918       1.0025076      0.99631002   2.1370316e-09       66.992048      0.32388569      0.14535778      0.67603379      0.24605572      0.24738811       2.3775479       7.7798765      0.82308246       1.0056149      0.46842409      0.62092806       2.1370316       1.9111821       13.766555       146.13696       389.89979      -6.5830535       -2.0421894                   -4.5408642       551.29347             161.39368                        389.89979
              4       267.42655       3.0570547      0.96920438       1.0408075     0.022776301      0.12193661     0.055847918       1.0016212       1.0044686   2.1264834e-09       66.992048      0.32388569      0.14535778      0.67603379      0.24605572      0.24738811       2.3775479       7.7798765      0.82229169       1.0046488      0.46797406      0.62033151       2.1264834       1.9017486       13.766555       146.13696        389.9943      -6.7863849       -2.0421894                   -4.7441955       548.42587             158.43157                         389.9943
             14       266.04163       3.0595212      0.97055611       1.0408456      0.02263109      0.12144094     0.059200234       1.0016212       1.0044686   2.1317348e-09       67.054134      0.32186083       0.1447169       0.6780588      0.24599423       0.2473264       2.4027025        8.139085      0.82273561       1.0047257      0.46676078      0.61969405       2.1317348       1.8937058       13.778205       146.42487       390.34483      -6.7863849       -2.0421894                   -4.7441955       545.65604              155.3112                        390.34483
             26       266.03881       3.0592575      0.97062501       1.0408553      0.02262978      0.12141075     0.059141715       1.0016212       1.0044686   2.1311727e-09       67.066679      0.32167039      0.14468539      0.67824926      0.24599368      0.24732584       2.4029311       8.1331104      0.82256431       1.0044226      0.46652552      0.61947336       2.1311727       1.8934281       13.777932       146.43418       390.31399      -6.7863849       -2.0421894                   -4.7441955       545.65039             155.33641                        390.31399
              3       265.82803       3.0590451      0.96923206       1.0407314     0.022534172      0.12194709     0.058750447       1.0016212       1.0044686     2.13072e-09        66.76173      0.32560453      0.14512613      0.67431439      0.24595276      0.24728477       2.4197092       8.1253826      0.82406493       1.0085505      0.47022602      0.62249239         2.13072       1.8945078       13.793358       146.39968       390.31147      -6.7863849       -2.0421894                   -4.7441955       545.22882             154.91735                        390.31147
              1       267.57562       3.0643445      0.96758929       1.0408471     0.022376955      0.12286543     0.060995155       1.0016212       1.0044686   2.1420417e-09       66.356952      0.33131758      0.14588725      0.66860035      0.24588542      0.24721719       2.4476782       8.4017078       0.8294517       1.0182347        0.477434      0.62929202       2.1420417       1.8960431       13.809239       146.33446        390.9832      -6.7863849       -2.0421894                   -4.7441955       548.72401             157.74081                         390.9832
             10       268.56121       3.0541872      0.98031557       1.0408471     0.022376955      0.12286543     0.060995155       1.0016425       1.0044932   2.1203944e-09       66.356952      0.33131758      0.14588725      0.66860035      0.24588542      0.24721719       2.4476782       8.4017078      0.82920895       1.0179367      0.47729427      0.62910784       2.1203944       1.8768819       13.809239       146.33446        390.9244      -6.7825089       -2.0421894                   -4.7403195       550.68745             159.76305                         390.9244
             30       266.76881        3.052005      0.98039496       1.0409887      0.02238589       0.1228635     0.059916314      0.99933287       1.0009043   2.1157723e-09       66.412147      0.33078298      0.14589426      0.66913509      0.24588923      0.24722101       2.4460755       8.2926771      0.82843487       1.0165637      0.47646384      0.62826687       2.1157723       1.8768358        13.80409        146.3249       390.73956      -6.9076683       -2.0421894                   -4.8654789       547.35295             156.61339                        390.73956
              3       266.93923       3.0592007      0.97027049       1.0409887      0.02238589       0.1228635     0.059916314       1.0017086      0.99859067   2.1310516e-09       66.412147      0.33078298      0.14589426      0.66913509      0.24588923      0.24722101       2.4460755       8.2926771      0.82825621       1.0163445      0.47636108      0.62813138       2.1310516       1.8903896        13.80409        146.3249       390.67075      -6.7702014       -2.0421894                    -4.728012       547.41887             156.74812                        390.67075
             12       267.44288       3.0590851      0.97864799       1.0409887      0.02238589       0.1228635     0.059916314       1.0017086      0.99859067   2.1308054e-09       66.412147      0.33078298      0.14589426      0.66913509      0.24588923      0.24722101       2.4460755       8.2926771      0.83082469       1.0194962      0.47783831      0.63007925       2.1308054       1.8901712        13.80409        146.3249       390.62921      -6.7702014       -2.0421894                    -4.728012       548.42616             157.79695                        390.62921
              8       267.32855       3.0572174      0.98006218       1.0410944     0.022427675      0.12226427     0.059825403       1.0015094       1.0017431   2.1268294e-09       66.686051      0.32681775      0.14533681      0.67310099       0.2459071      0.24723895       2.4386018       8.2635452      0.82851184       1.0145681      0.47364345      0.62643372       2.1268294       1.8869873       13.794477       146.43442        390.6458      -6.8058292       -2.0421894                   -4.7636398       548.26875             157.62295                         390.6458
              7       268.21633       3.0573407      0.98156441       1.0410944     0.022427675      0.12226427     0.059825403       1.0015094       1.0017431   2.1270916e-09       66.686051      0.32681775      0.14533681      0.67310099       0.2459071      0.24723895       2.4386018       8.2635452       0.8290345       1.0152082      0.47394224       0.6268289       2.1270916       1.8872199       13.794477       146.43442        390.6303      -6.8058292       -2.0421894                   -4.7636398       550.04432             159.41402                         390.6303
             23       267.44471       3.0566469      0.98308073       1.0407911       0.0225128      0.12140245      0.06024921       1.0041444      0.99884353   2.1256163e-09       66.950991      0.32250352      0.14456011      0.67741586      0.24594359      0.24727557       2.4234832       8.2698154      0.82576744       1.0092047      0.46894832      0.62228792       2.1256163       1.8843132       13.791646       146.56509        390.6942      -5.9781684       -2.0421894                    -3.935979       546.84575             156.15155                         390.6942
              9       268.69317       3.0557941      0.98595318       1.0407911       0.0225128      0.12140245      0.06024921       1.0048825       1.0000446   2.1238044e-09       66.950991      0.32250352      0.14456011      0.67741586      0.24594359      0.24727557       2.4234832       8.2698154       0.8263173       1.0098767      0.46926058      0.62270229       2.1238044       1.8827069       13.791646       146.56509       390.68657       -5.608015       -2.0421894                   -3.5658257       548.60238             157.91581                        390.68657
              3       267.96937       3.0518264      0.98433429       1.0407619     0.022469331      0.12200198     0.057502624       1.0048825       1.0000446   2.1153944e-09       66.699357      0.32619142      0.14511618      0.67372734      0.24592495      0.24725686       2.4311859       8.0166831      0.82626853       1.0117201      0.47190815      0.62443803       2.1153944        1.885581       13.799216       146.45675       390.37817       -5.608015       -2.0421894                   -3.5658257       547.15477              156.7766                        390.37817
             29       267.78366       3.0492191      0.98357892       1.0407376     0.022376995      0.12226452     0.056461406       1.0048825       1.0000446   2.1098863e-09       66.525081      0.32828729      0.14528638      0.67163105      0.24588543       0.2472172        2.447671       7.9372453      0.82614747        1.012896      0.47335243      0.62534704       2.1098863       1.8845918        13.81028       146.49021        390.4332       -5.608015       -2.0421894                   -3.5658257       546.78336             156.35016                         390.4332
              2       268.44082       3.0473913      0.98019442       1.0406133     0.022226624      0.12363444     0.054156533       1.0048825       1.0000446   2.1060333e-09       65.895128      0.33740272      0.14650593      0.66251405      0.24582109      0.24715262       2.4748821       7.7574147      0.82912509       1.0213942      0.48160873      0.63191288       2.1060333       1.8898419       13.834258       146.30078       390.49053       -5.608015       -2.0421894                   -3.5658257       548.09766             157.60713                        390.49053
              9       267.88872       3.0465363      0.98070615       1.0406067     0.022287718      0.12338293     0.053702433       1.0048825       1.0000446   2.1042333e-09       66.028138      0.33560797      0.14631551      0.66430913      0.24584732      0.24717895       2.4637723       7.6926032      0.82789964       1.0188569      0.47961619      0.63013814       2.1042333       1.8899423        13.82736        146.2985       390.58956       -5.608015       -2.0421894                   -3.5658257       546.99348             156.40392                        390.58956
             21       267.90559        3.047345      0.98139426       1.0406067     0.022287718      0.12338293     0.053702433       1.0048825       1.0000446   2.1059357e-09       66.028138      0.33560797      0.14631551      0.66430913      0.24584732      0.24717895       2.4637723       7.6926032      0.82844885       1.0195327      0.47993435      0.63055615       2.1059357       1.8914714        13.82736        146.2985       390.59119       -5.608015       -2.0421894                   -3.5658257       547.02721             156.43603                        390.59119
             47       268.22222       3.0479116       0.9809303        1.040601      0.02223751       0.1235988     0.053985493       1.0048764       1.0000758   2.1071293e-09       65.912019      0.33717284      0.14648117      0.66274398      0.24582578      0.24715733       2.4728971       7.7366442      0.82940348       1.0216063      0.48160628      0.63201735       2.1071293       1.8914723       13.833396         146.298       390.51458      -5.6113337       -2.0421894                   -3.5691443        547.6671             157.15252                        390.51458
              8        269.8937       3.0467106      0.98048076       1.0404895     0.022129759      0.12371057     0.054004764       1.0048764       1.0000758   2.1046001e-09       65.748623      0.33886008      0.14648519      0.66105633      0.24577895      0.24711033       2.4926482       7.7647537      0.82941748       1.0228922      0.48281792      0.63281721       2.1046001       1.8891291       13.848071       146.38791       390.52546      -5.6113337       -2.0421894                   -3.5691443       551.01008             160.48462                        390.52546
              1       270.63337       3.0538577      0.97950411       1.0404895     0.022129759      0.12371057     0.054004764       1.0048788       1.0009607   2.1196957e-09       65.748623      0.33886008      0.14648519      0.66105633      0.24577895      0.24711033       2.4926482       7.7647537      0.83208225       1.0261785      0.48436913      0.63485034       2.1196957       1.9026793       13.848071       146.38791       390.48319       -5.610003       -2.0421894                   -3.5678136       552.48675             162.00356                        390.48319
              9       270.34705       3.0501954      0.98347893       1.0405361     0.022366439       0.1219043     0.053665661       1.0048788       1.0009607   2.1119471e-09       66.572413      0.32698405      0.14491561      0.67293441      0.24588093      0.24721268       2.4495664       7.6478976      0.82520098       1.0113759      0.47187071      0.62400975       2.1119471         1.89701       13.816019       146.59567        390.6893       -5.610003       -2.0421894                   -3.5678136       551.91411             161.22481                         390.6893
              3       269.79719       3.0468622      0.98082777       1.0405361     0.022366439       0.1219043     0.053665661       1.0037327      0.99610328   2.1049192e-09       66.572413      0.32698405      0.14491561      0.67293441      0.24588093      0.24721268       2.4495664       7.6478976      0.82300153       1.0086802      0.47061301      0.62234655       2.1049192       1.8906974       13.816019       146.59567       390.58239      -6.1583233       -2.0421894                   -4.1161339       551.91102             161.32863                        390.58239
              1       269.96755       3.0477385      0.97945179       1.0404508     0.022289982      0.12247931     0.053604145       1.0037327      0.99610328   2.1067646e-09       66.284499      0.33096552      0.14541416      0.66895223      0.24584828      0.24717992        2.463362       7.6674656      0.82499179       1.0133131       0.4746145      0.62574201       2.1067646       1.8925879       13.828492       146.53048       390.53462      -6.1583233       -2.0421894                   -4.1161339       552.25174             161.71712                        390.53462
              1       271.44315       3.0500609      0.98146235        1.040686     0.022570716      0.12177199     0.053905789        1.003893       0.9961298    2.111663e-09        66.83691       0.3245623      0.14498758      0.67535681      0.24596842      0.24730049       2.4132762       7.6255872      0.82341292       1.0071856      0.46910138      0.62150152        2.111663       1.8958442        13.79035       146.40505       390.55891       -6.090445       -2.0421894                   -4.0482556       555.06719             164.50828                        390.55891
              3       270.83384       3.0401187      0.98742767        1.040686     0.022570716      0.12177199     0.053905789        1.003893       0.9961298   2.0907725e-09        66.83691       0.3245623      0.14498758      0.67535681      0.24596842      0.24730049       2.4132762       7.6255872       0.8211884       1.0044646      0.46783406      0.61982248       2.0907725       1.8770888        13.79035       146.40505       390.83188       -6.090445       -2.0421894                   -4.0482556       553.84857              163.0167                        390.83188
              1       270.40419       3.0391657      0.98724831       1.0407094     0.022535051      0.12184508     0.053599742        1.003893       0.9961298   2.0887809e-09       66.790068      0.32510159        0.145025       0.6748174      0.24595313      0.24728515       2.4195541        7.603276      0.82114404       1.0047625      0.46819729       0.6200463       2.0887809       1.8764489       13.793539       146.42525       390.96114       -6.090445       -2.0421894                   -4.0482556       552.98927             162.02812                        390.96114
             11       271.27159       3.0409227      0.98908664       1.0408139     0.022577137      0.12114389     0.055491081        1.003893       0.9961298   2.0924541e-09       67.101164      0.32063025      0.14436589      0.67928949      0.24597117      0.24730325       2.4121485       7.7756226      0.82009663        1.001152      0.46437333      0.61711507       2.0924541       1.8726517        13.78345       146.56173       390.68336       -6.090445       -2.0421894                   -4.0482556       554.72407             164.04071                        390.68336
              7       270.27798       3.0385501      0.98832612       1.0409489     0.022388867      0.12151654      0.05522192        1.003893       0.9961298   2.0874954e-09       66.861755      0.32334293      0.14455027      0.67657624       0.2458905      0.24722229       2.4455418       7.7969017      0.82099769       1.0040447      0.46684597      0.61909568       2.0874954       1.8692198       13.799903       146.67209       390.69099       -6.090445       -2.0421894                   -4.0482556       552.73684             162.04585                        390.69099
              5       270.76171       3.0384413      0.98678525       1.0409367     0.022274185      0.12218719     0.054841997       1.0041075      0.99624124   2.0872683e-09       66.532849      0.32780371      0.14510624      0.67211465      0.24584152      0.24717313       2.4662268       7.7948293      0.82307661       1.0090721      0.47124548      0.62279301       2.0872683       1.8704372       13.814434       146.62387       390.73891      -5.9950835       -2.0421894                   -3.9528941        553.5136             162.77468                        390.73891
              3       270.83373       3.0444323      0.98666837       1.0410453     0.022298276      0.12243747     0.057197263       1.0043343      0.99596733   2.0998108e-09       66.503439      0.32871407      0.14538061      0.67120422      0.24585183      0.24718348       2.4618598       8.0335059      0.82632186       1.0132747         0.47376      0.62568222       2.0998108       1.8728339       13.809689       146.53209       390.56756      -5.8887055       -2.0421894                   -3.8465161       553.44486              162.8773                        390.56756
              5       270.45425       3.0517048      0.97479865       1.0410453     0.022298276      0.12243747     0.057197263       1.0044463      0.99728491   2.1151372e-09       66.503439      0.32871407      0.14538061      0.67120422      0.24585183      0.24718348       2.4618598       8.0335059      0.82562015       1.0124142      0.47335768       0.6251509       2.1151372       1.8865036       13.809689       146.53209       390.27014       -5.834103       -2.0421894                   -3.7919137        552.5767             162.30656                        390.27014
              5       268.12866       3.0480188      0.98153941       1.0410453     0.022298276      0.12243747     0.057197263       1.0034182       1.0008797   2.1073552e-09       66.503439      0.32871407      0.14538061      0.67120422      0.24585183      0.24718348       2.4618598       8.0335059      0.82619911       1.0131242      0.47368962      0.62558927       2.1073552       1.8795628       13.809689       146.53209       390.40433      -6.2832589       -2.0421894                   -4.2410695       548.82384             158.41951                        390.40433
             13       267.95213       3.0483168      0.98156294       1.0410528     0.022305965      0.12243784     0.057285139       1.0034277      0.99987551   2.1079833e-09       66.512181      0.32864588      0.14538867      0.67127243      0.24585512      0.24718678       2.4604684       8.0406147      0.82630746       1.0131904      0.47370261      0.62563887       2.1079833       1.8797925       13.808686       146.52351       390.39029      -6.2796734       -2.0421894                    -4.237484        548.4636             158.07332                        390.39029
              4       268.46403       3.0524303      0.97385807       1.0410528     0.022305965      0.12243784     0.057285139       1.0034277      0.99987551   2.1166724e-09       66.512181      0.32864588      0.14538867      0.67127243      0.24585512      0.24718678       2.4604684       8.0406147       0.8256048       1.0123289      0.47329979      0.62510685       2.1166724        1.887541       13.808686       146.52351       390.26317      -6.2796734       -2.0421894                    -4.237484        549.4874             159.22423                        390.26317
             21        265.9988       3.0638638       0.9722353       1.0403702     0.022476923      0.12298821     0.060179703       1.0034277      0.99987551   2.1410122e-09       66.239374      0.33300249      0.14610999      0.66691515       0.2459282      0.24726013        2.429838       8.2979525      0.83019823       1.0200552      0.47907724      0.63065765       2.1410122       1.8982251       13.813838       146.19258       390.72964      -6.2796734       -2.0421894                    -4.237484       544.55695             153.82731                        390.72964
             28       266.09779        3.061715      0.97195995       1.0403042     0.022543137      0.12301378     0.058495027       1.0034277      0.99987551   2.1364166e-09       66.263628       0.3329678      0.14620178      0.66694989       0.2459566      0.24728863       2.4181287       8.1148557      0.82897041       1.0183602       0.4783438      0.62970855       2.1364166       1.9005435       13.809194       146.11337        390.3655      -6.2796734       -2.0421894                    -4.237484       544.75492             154.38942                         390.3655
             19       265.95248       3.0610782      0.97157198       1.0403042     0.022543137      0.12301378     0.058495027       1.0034277      0.99987551   2.1350564e-09       66.263628       0.3329678      0.14620178      0.66694989       0.2459566      0.24728863       2.4181287       8.1148557      0.82858588       1.0178878      0.47812191      0.62941645       2.1350564       1.8993335       13.809194       146.11337       390.37627      -6.2796734       -2.0421894                    -4.237484       544.46432             154.08804                        390.37627
              4       268.38412       3.0536118      0.97103712       1.0400716     0.022383363      0.12295199     0.056101191       1.0032608       1.0022225   2.1191747e-09       66.074993      0.33436419      0.14598022      0.66555304      0.24588815      0.24721993       2.4465286       7.9091011      0.82553902       1.0155915       0.4773616      0.62775841       2.1191747       1.8942526       13.832145       146.30476       390.11607      -6.3416702       -2.0421894                   -4.2994809       549.45158              159.3355                        390.11607
             10       268.23226       3.0531162      0.97442673       1.0400716     0.022383363      0.12295199     0.056101191       1.0032608       1.0022225   2.1181246e-09       66.074993      0.33436419      0.14598022      0.66555304      0.24588815      0.24721993       2.4465286       7.9091011      0.82638208       1.0166286       0.4778491       0.6283995       2.1181246        1.893314       13.832145       146.30476       390.19526      -6.3416702       -2.0421894                   -4.2994809       549.14787             158.95261                        390.19526
              8       268.76539       3.0528429      0.97724226       1.0400716     0.022383363      0.12295199     0.056101191       1.0032608       1.0022225   2.1175458e-09       66.074993      0.33436419      0.14598022      0.66555304      0.24588815      0.24721993       2.4465286       7.9091011      0.82714171       1.0175631      0.47828834      0.62897713       2.1175458       1.8927966       13.832145       146.30476       390.28556      -6.3416702       -2.0421894                   -4.2994809       550.21411             159.92855                        390.28556
