#        weight    minuslogpost            logA             n_s     theta_s_100         omega_b       omega_cdm        tau_reio           A_act           P_act             A_s              H0         Omega_m        omegamh2    Omega_Lambda             YHe          z_reio          sigma8              S8               A             age       chi2__CMB   minuslogprior minuslogprior__0            chi2 chi2__act_dr6_cmbonly chi2__planck_2018_lowl.EE_sroll2
              1        5863.051       3.0340423      0.96143147       1.0416831     0.021901198      0.11998888     0.048445738      0.87078822       1.0452454   2.0781066e-09       66.890482      0.31855944      0.14253421      0.68135963      0.24509897       7.1688995      0.80727566      0.83187193       2.0781066       13.852403       391.48903      -2.0421894       -2.0421894       11730.186             11338.697                        391.48903
              1       3740.8039       3.0539332      0.94604769       1.0417312     0.020532865      0.12620518     0.051393328      0.89261401        1.059343   2.1198559e-09       63.582043      0.36456588      0.14738218      0.63534455      0.24447693       7.9044952      0.83507413      0.92056066       2.1198559       14.023321       389.84559      -2.0421894       -2.0421894       7485.6922             7095.8466                        389.84559
              1       3036.2919       3.0455718      0.93599757       1.0417372     0.020512313       0.1275692     0.045262932      0.90067737       1.0665224   2.1022048e-09       63.117863      0.37332004      0.14872565      0.62658906      0.24446666       7.2334747      0.83248082      0.92865469       2.1022048       14.030048       390.75155      -2.0421894       -2.0421894       6076.6681             5685.9165                        390.75155
              1       1551.7896       3.0361223      0.92870091        1.041705     0.019757571      0.12908369     0.044967661      0.92788766       1.0788487   2.0824337e-09        61.96793      0.38928241       0.1494854      0.61062329      0.24409782       7.4026337      0.83307455      0.94897688       2.0824337       14.117864       390.52544      -2.0421894       -2.0421894       3107.6636             2717.1382                        390.52544
              1        1111.802       3.0437473       0.9226137       1.0419073     0.019376386      0.13218438     0.048702668      0.94305794       1.0697667   2.0983728e-09       60.726831       0.4127313       0.1522049       0.5871705      0.24390668       7.9964447      0.84373586      0.98964534       2.0983728       14.162189       389.74724      -2.0421894       -2.0421894       2227.6883             1837.9411                        389.74724
              2       916.09979       3.0525926      0.92499723       1.0420719     0.020155103      0.12793562      0.05427048      0.94470749       1.0374322    2.117016e-09       62.798169      0.37715406      0.14873485      0.62275411      0.24429365        8.353714      0.83482618       0.9360409        2.117016       14.059827       390.39769      -2.0421894       -2.0421894        1836.284             1445.8863                        390.39769
              4       678.90548       3.0795778       0.9363034       1.0423807     0.021551898      0.11847315     0.075232918      0.95161397       1.0459261   2.1749217e-09       67.352445       0.3100932      0.14066919      0.68982697      0.24494308       9.9045715      0.81516312      0.82876236       2.1749217       13.862095       401.36796      -2.0421894       -2.0421894       1361.8953             960.52739                        401.36796
              6        583.3372        3.087585      0.93709781       1.0422982     0.022002695      0.11771019     0.078350219      0.95998321       1.0534055   2.1924066e-09       67.999434      0.30354533      0.14035703      0.69637636       0.2451456       10.042145      0.81400604      0.81880177       2.1924066        13.81266       403.61673      -2.0421894       -2.0421894       1170.7588             767.14205                        403.61673
              2       424.63373       3.0811456      0.93780907       1.0423304     0.022452922      0.11594863     0.077750252       0.9671755       1.0361815   2.1783342e-09        69.05514      0.29158522      0.13904569      0.70833884      0.24533832       9.8213959      0.80339288      0.79204545       2.1783342       13.754989       402.11763      -2.0421894       -2.0421894       853.35184             451.23421                        402.11763
              1       359.05882       3.0605317      0.94241527       1.0424178     0.022502844      0.11207551     0.074275974      0.97133058       1.0103151     2.13389e-09       70.587608      0.27138885      0.13522249      0.72853848      0.24535806       9.4128876      0.78200565      0.74378131         2.13389       13.726266       397.95107      -2.0421894       -2.0421894       722.20201             324.25094                        397.95107
              2       332.11948       3.0243501      0.93684278       1.0424372     0.022763555      0.11158755     0.068167293      0.97133058       1.0103151   2.0580625e-09       71.015812      0.26767532      0.13499524      0.73225287      0.24547061       8.7804718      0.76334493      0.72104831       2.0580625       13.695275       393.59268      -2.0421894       -2.0421894       668.32334             274.73066                        393.59268
              3       323.66781       3.0046403       0.9411067        1.042251     0.022673352      0.11204171     0.057526328      0.97133058       1.0103151   2.0178957e-09       70.696363      0.27082803      0.13535919      0.72909951      0.24543202       7.8048248      0.75908388      0.72123359       2.0178957        13.71296       389.73416      -2.0421894       -2.0421894       651.41999             261.68584                        389.73416
              1       317.62157       3.0104099      0.94073805       1.0422669     0.022741086      0.11308938     0.057617159      0.97133058       1.0103151   2.0295717e-09       70.361855      0.27566223       0.1364746      0.72426463       0.2454607       7.8160553      0.76477173      0.73309428       2.0295717        13.71119       389.73575      -2.0421894       -2.0421894       639.32752             249.59177                        389.73575
              8       316.83839       3.0099441      0.94049223       1.0422413     0.022922772      0.11268084     0.057918264      0.97133058       1.0103151   2.0286267e-09       70.671951      0.27279422      0.13624774      0.72713328      0.24553748       7.7985077      0.76218765      0.72680659       2.0286267       13.690438       389.72624      -2.0421894       -2.0421894       637.76115             248.03491                        389.72624
              2       302.28396       3.0067521      0.95373829       1.0420637     0.022429629      0.11442183     0.061841727      0.97133058       1.0103151   2.0221616e-09       69.511547      0.28456067       0.1374956      0.71536438      0.24532997       8.3193207      0.77323226      0.75307248       2.0221616       13.757516       390.78058      -2.0421894       -2.0421894       608.65229             217.87172                        390.78058
              1       295.03184       3.0518865      0.94808393       1.0423748     0.023236701      0.11809253      0.07769444      0.97323283       1.0005693   2.1155216e-09       68.996593      0.29823019      0.14197337      0.70169375      0.24566473       9.6480255      0.79909709      0.79673651       2.1155216       13.680529       400.18587      -2.0421894       -2.0421894       594.14806             193.96218                        400.18587
              6       290.96758       3.0575244      0.95191811       1.0424327     0.022619908      0.11950671     0.081448871      0.97323283       1.0005693   2.1274825e-09       67.953829         0.30918      0.14277076      0.69074158      0.24540831       10.182526      0.81001439      0.82231423       2.1274825        13.75088       403.90749      -2.0421894       -2.0421894       586.01954             182.11205                        403.90749
              4        286.5484       3.0531895      0.95714582       1.0424727     0.022754426      0.11968706     0.075018735      0.97579766       1.0035227   2.1182799e-09       68.024736      0.30921622      0.14308562      0.69070553      0.24546715        9.570816      0.80996167      0.82230886       2.1182799       13.736105       398.20066      -2.0421894       -2.0421894       577.18117             178.98051                        398.20066
             19       282.72165       3.0479316       0.9593175       1.0424343     0.022726211      0.11921618     0.073935632      0.97750391       1.0029677   2.1071715e-09       68.153321        0.306976      0.14258652      0.69294604      0.24545248       9.4697418      0.80698461      0.81631323       2.1071715       13.738191       397.17733      -2.0421894       -2.0421894       569.52769             172.35035                        397.17733
              1       284.22862       3.0608977      0.95856462       1.0423382     0.022558352      0.12066246     0.079352423      0.97996104      0.99829283   2.1346712e-09       67.459678      0.31613056      0.14386495      0.68378987      0.24538358       10.037933      0.81747704      0.83916657       2.1346712       13.765253       401.83526      -2.0421894       -2.0421894       572.54163             170.70637                        401.83526
             11       282.91883       3.0599411      0.95945108       1.0423251     0.022698014      0.12026746      0.07902494      0.97996104      0.99829283   2.1326301e-09       67.719625      0.31315144      0.14360961      0.68676959      0.24544033       9.9593201      0.81546409      0.83314659       2.1326301       13.749029       401.27533      -2.0421894       -2.0421894       569.92204              168.6467                        401.27533
              1       282.08933       3.0580146      0.95800923          1.0423     0.022587757      0.12070846     0.078192703      0.97989393       1.0018894   2.1285256e-09       67.457225      0.31631925      0.14394036      0.68360117      0.24539392       9.9256287      0.81612862      0.83803237       2.1285256       13.763441       400.89453      -2.0421894       -2.0421894       568.26303              167.3685                        400.89453
              8       282.37513       3.0578527      0.95790918       1.0423032     0.022554349      0.12082189     0.078058673      0.97989393       1.0018894   2.1281809e-09       67.388609      0.31713996      0.14402038       0.6827803      0.24538222       9.9256287      0.81654513      0.83954707       2.1281809       13.767394       400.83605      -2.0421894       -2.0421894       568.83465              167.9986                        400.83605
              2        283.8946       3.0576155      0.95762688       1.0422705     0.022426111      0.12105112     0.078098968      0.97989393       1.0018894   2.1276763e-09        67.18239      0.31931364      0.14412136      0.68060613       0.2453285       9.9705505      0.81760032      0.84350791       2.1276763       13.783064       401.05403      -2.0421894       -2.0421894       571.87357             170.81954                        401.05403
