#        weight    minuslogpost            logA             n_s     theta_s_100         omega_b       omega_cdm        tau_reio           A_act           P_act             A_s              H0         Omega_m        omegamh2    Omega_Lambda             YHe          z_reio          sigma8              S8               A             age       chi2__CMB   minuslogprior minuslogprior__0            chi2 chi2__act_dr6_cmbonly chi2__planck_2018_lowl.EE_sroll2
              2       415.48806       3.0549011      0.95131931       1.0417508     0.021608691      0.12290796     0.053237975      0.97804678       1.0097139   2.1219086e-09       65.640057      0.33690806      0.14516078      0.66300789      0.24497071       7.7893829      0.82323202      0.87240335       2.1219086       13.894054       389.78737      -2.0421894       -2.0421894       835.06049             445.27312                        389.78737
              3       405.39776       3.0460278      0.95508909       1.0416334     0.021090262      0.11779599     0.062218381      0.97804678       1.0097139   2.1031637e-09       66.942952      0.31135732      0.13953039      0.68856187      0.24473561       8.7566071      0.80623333      0.82135265       2.1031637       13.930906        391.8623      -2.0421894       -2.0421894       814.87991             423.01761                         391.8623
              6       319.35585       3.0314599      0.95922831        1.041496     0.023030072      0.11100183     0.063025337      0.97813464        1.013161   2.0727471e-09       71.160774      0.26595553      0.13467604      0.73397296      0.24558194        8.228775      0.76857625      0.72365379       2.0727471       13.691569       390.66846      -2.0421894       -2.0421894       642.79608             252.12762                        390.66846
             10       307.81146       3.0155655      0.95166335       1.0414632     0.023101879      0.11339159     0.055330118      0.98782117       1.0055459   2.0400624e-09       70.298193      0.27750336      0.13713761      0.72242336       0.2456092       7.5191498       0.7689099      0.73951834       2.0400624       13.698434       389.80482      -2.0421894       -2.0421894       619.70731             229.90248                        389.80482
              5       304.85482       3.0180829      0.95206542        1.041462     0.023163146      0.11331536     0.056246118      0.98631444      0.99878124   2.0452046e-09       70.381796      0.27681428      0.13712264      0.72311261      0.24563718       7.5942535      0.76944649      0.73911505       2.0452046       13.691559       389.76607      -2.0421894       -2.0421894       613.79401             224.02795                        389.76607
              7       304.08709       3.0130282      0.95226644        1.041438     0.023036571      0.11367039     0.054170096      0.98631444      0.99878124   2.0348927e-09       70.125671      0.27930459      0.13735109      0.72062178      0.24558515       7.4229889      0.76940301      0.74239029       2.0348927       13.707612       389.92204      -2.0421894       -2.0421894       612.25856             222.33652                        389.92204
              2       303.20972       3.0169944      0.95191041       1.0415012     0.023163673      0.11342413     0.053551582      0.98631444      0.99878124   2.0429796e-09       70.354496      0.27724995      0.13723194      0.72267689      0.24563739       7.3324432      0.76941211      0.73966339       2.0429796       13.690929       389.98754      -2.0421894       -2.0421894       610.50383             220.51628                        389.98754
              4        298.6212       3.0142557      0.95386238       1.0416983      0.02326737      0.11409887     0.051548111      0.98669975       1.0057554    2.037392e-09       70.261127      0.27956417      0.13801038      0.72036247      0.24567969       7.1232758      0.77111292      0.74438585        2.037392       13.677695       390.58563      -2.0421894       -2.0421894       601.32677             210.74114                        390.58563
              2       298.29852       3.0133955      0.95191792       1.0416676     0.023271996      0.11451982      0.05107363      0.98577831       1.0056113   2.0356404e-09       70.097345      0.28173822      0.13843595      0.71818808      0.24568157       7.0811615       0.7716974      0.74784104       2.0356404       13.680313       390.67099      -2.0421894       -2.0421894       600.68142             210.01042                        390.67099
              1       297.01801       3.0190956      0.95657862       1.0417265      0.02332821      0.11423255     0.055368965      0.98577831       1.0056113   2.0472768e-09       70.275607      0.27984285       0.1382049      0.72008382      0.24570128       7.4896698      0.77403676      0.74758068       2.0472768       13.671116       389.85963      -2.0421894       -2.0421894       598.12041             208.26078                        389.85963
              6       295.16304       3.0191398      0.95939943        1.041762     0.023275289      0.11397129     0.056193901      0.98566177       1.0027564   2.0473673e-09       70.337854      0.27871272      0.13789071      0.72121409      0.24568284       7.5767059      0.77419057      0.74621786       2.0473673       13.674297       389.88869      -2.0421894       -2.0421894       594.41046             204.52176                        389.88869
              4       295.59572       3.0205269      0.95956987       1.0417599     0.023305906      0.11392515      0.05696046      0.98511815       1.0040359   2.0502092e-09       70.382168      0.27833053      0.13787519      0.72159637      0.24569333       7.6433868      0.77447425      0.74597931       2.0502092       13.670871       389.85613      -2.0421894       -2.0421894       595.27581             205.41969                        389.85613
              1       293.67138       3.0207822      0.95560694       1.0417493     0.023220049      0.11457047     0.056595163      0.98511815       1.0040359   2.0507325e-09       70.059243       0.2820421      0.13843465      0.71788412      0.24565718       7.6370697      0.77611746      0.75252996       2.0507325       13.683668       389.82861      -2.0421894       -2.0421894       591.42714             201.59853                        389.82861
             32       290.96488       3.0232206      0.95486239       1.0418059       0.0231648      0.11516175     0.056854672      0.98511815       1.0040359   2.0557393e-09       69.808625      0.28517078      0.13897068      0.71475491      0.24563782       7.6833954      0.77926814      0.75976417       2.0557393       13.690887       389.74983      -2.0421894       -2.0421894       586.01413              196.2643                        389.74983
