#        weight    minuslogpost            logA             n_s     theta_s_100         omega_b       omega_cdm        tau_reio           A_act           P_act             A_s              H0         Omega_m        omegamh2    Omega_Lambda             YHe          z_reio          sigma8              S8               A             age       chi2__CMB   minuslogprior minuslogprior__0            chi2 chi2__act_dr6_cmbonly chi2__planck_2018_lowl.EE_sroll2
              4       2042.0019       3.0454012      0.96611471       1.0417843       0.0219458      0.11762476      0.05677128      0.92020724       1.0418298   2.1018463e-09       67.807934      0.30495272       0.1402147      0.69496852       0.2451186       7.9887238      0.80526414        0.811884       2.1018463        13.83372        390.0694      -2.0421894       -2.0421894       4088.0882             3698.0188                         390.0694
              1       1253.7022       3.0425615      0.94892136       1.0416009     0.023623359      0.10975118     0.057324613      0.93694376       1.0633572    2.095886e-09       72.219998      0.25695103      0.13401867      0.74297954      0.24582231       7.5451202      0.76221848      0.70541393        2.095886       13.618482       389.51436      -2.0421894       -2.0421894       2511.4888             2121.9745                        389.51436
              1       760.97118       3.0438431      0.94853816       1.0415881     0.023607138      0.10976527     0.059208369      0.95170108       1.0398863    2.098574e-09         72.1954      0.25712207      0.13401654      0.74280846      0.24581704       7.7255096      0.76271486       0.7061082        2.098574       13.620648       389.70309      -2.0421894       -2.0421894       1526.0267             1136.3236                        389.70309
              2       431.06055       3.0254379      0.94306716       1.0414395     0.023015888      0.11183744     0.051968131      0.96961651       1.0380472   2.0603024e-09       70.805658      0.27026838      0.13549746      0.72965939      0.24557471       7.1808319      0.76472416      0.72584151       2.0603024       13.699592       389.96647      -2.0421894       -2.0421894       866.20548             476.23901                        389.96647
              4       380.21173       3.0263111       0.9427277       1.0414074      0.02271155      0.11209122     0.053708682      0.97071661       1.0179179   2.0621024e-09       70.424635      0.27309885       0.1354469      0.72682814      0.24544544       7.4201813      0.76725847      0.73205043       2.0621024       13.734262       389.60989      -2.0421894       -2.0421894       764.50784             374.89796                        389.60989
             10       360.06812       2.9916755        0.942126       1.0414075     0.022956657      0.10719021     0.047505036      0.97540651       1.0203927    1.991903e-09       72.579061      0.24828769        0.130791      0.75164357       0.2455513       6.6768646      0.73396175      0.66771386        1.991903       13.678057       392.49373      -2.0421894       -2.0421894       724.22061             331.72688                        392.49373
              3       346.73149       2.9888503      0.95506459       1.0418169     0.023089016      0.10675248      0.04631267      0.97642982       1.0144439   1.9862834e-09       73.016483      0.24474897      0.13048563      0.75518311       0.2456047       6.5266571      0.73448748      0.66341336       1.9862834       13.649116       394.35057      -2.0421894       -2.0421894       697.54736              303.1968                        394.35057
              2       337.01315       2.9821502      0.94401747       1.0418177     0.022635771      0.11034539     0.043168134      0.97847242       1.0095933   1.9730196e-09       71.173997       0.2637825       0.1336253      0.73614602      0.24541633       6.3287201      0.74497721      0.69856263       1.9730196       13.719813        395.8098      -2.0421894       -2.0421894       678.11068             282.30087                         395.8098
              2       335.75588       2.9984597      0.93374653       1.0414011     0.022282212      0.11662211     0.049839809      0.97847242       1.0095933   2.0054623e-09       68.343002      0.29876996      0.13954845      0.70115252       0.2452631       7.1857452      0.77202112       0.7704368       2.0054623         13.8043       390.14238      -2.0421894       -2.0421894       675.59613             285.45376                        390.14238
              1       315.58339       2.9904402      0.96913475       1.0411654     0.021896355      0.11595663       0.0458297      0.97847242       1.0095933   1.9894438e-09       68.165821      0.29806255      0.13849712      0.70185952      0.24509633       6.8291779      0.77837312      0.77585562       1.9894438       13.849312       394.54362      -2.0421894       -2.0421894       635.25115             240.70753                        394.54362
             15       316.03111        2.999862      0.97693424       1.0410148     0.022455849      0.11162359     0.054369984       0.9785493       1.0098912   2.0082765e-09        70.24376      0.27304115      0.13472358      0.72688546      0.24533929       7.5317841       0.7662955      0.73105441       2.0082765       13.770401       390.93136      -2.0421894       -2.0421894       636.14661             245.21524                        390.93136
              7       317.36014       2.9985246      0.97704479       1.0410079     0.022508978      0.11127157     0.053893631       0.9785493       1.0098912   2.0055924e-09       70.424718      0.27103714      0.13442469      0.72888985      0.24536135       7.4679108      0.76425885       0.7264308       2.0055924       13.762895        391.0962      -2.0421894       -2.0421894       638.80467             247.70847                         391.0962
              1       302.34637       3.0104929       0.9839436       1.0409744     0.022387754      0.11389769     0.063301909      0.98928684       1.0072411   2.0297403e-09       69.303242      0.28509538      0.13692958      0.71482922      0.24530866       8.4575958      0.78112044      0.76146942       2.0297403       13.791663       391.09287      -2.0421894       -2.0421894       608.77711             217.68424                        391.09287
              1       298.42978        3.009375      0.99068199       1.0410176     0.022520882      0.11279255      0.06324048      0.98856632       1.0074322   2.0274723e-09       69.854422      0.27862211      0.13595757      0.72130368      0.24536788       8.3993378       0.7781437      0.74990624       2.0274723       13.770097       391.03725      -2.0421894       -2.0421894       600.94393             209.90668                        391.03725
             11       289.73344       3.0261562      0.99049819       1.0410801     0.022646988      0.11387809     0.066633593      0.99167118       1.0020125    2.061783e-09       69.577121      0.28335034      0.13716921      0.71657486      0.24542159       8.7088776      0.78815916      0.76597601        2.061783       13.760788       391.86465      -2.0421894       -2.0421894       583.55127             191.68661                        391.86465
              3       290.41603       3.0577504      0.97981274       1.0407237     0.022103533      0.11959189     0.078462311      0.99129169      0.99795215   2.1279634e-09       66.890916      0.31812027      0.14233956       0.6817988      0.24519005       10.061798      0.81947763      0.84386339       2.1279634       13.857701       399.85835      -2.0421894       -2.0421894       584.91643             185.05809                        399.85835
              1       289.42953       3.0328185       0.9836955       1.0405449     0.022015081      0.12031366     0.066475328       0.9875044      0.99791084   2.0755651e-09       66.499037      0.32331284      0.14297288      0.67660527       0.2451505       8.9763031      0.81304689      0.84404664       2.0755651       13.875766       392.74511      -2.0421894       -2.0421894       582.94344             190.19833                        392.74511
