#        weight    minuslogpost            logA              ns    theta_MC_100           ombh2           omch2             tau           A_act           P_act              As              H0          omegam        omegamh2        omega_de             YHe             Y_p           DHBBN            zrei          sigma8            s8h5      s8omegamp5     s8omegamp25               A           clamp             age           rdrag   minuslogprior minuslogprior__0 minuslogprior__cal_dip_prior            chi2 chi2__act_dr6_cmbonly
              2       159.13464       3.0685828      0.96790872       1.0407711     0.022617103      0.11896372      0.10142014      0.96630082       1.0192258   2.1511396e-09       67.881662      0.30865486      0.14222569      0.69126672      0.24598826      0.24732041       2.4051462       11.881597      0.81725321      0.99192857      0.45403903      0.60915093       2.1511396       1.7562089       13.771776       147.09069       56.060997       -2.1396182                    58.200616       206.14729             206.14729
              1       121.13403       3.0745239      0.96900928       1.0407711     0.022617103      0.11896372      0.10142014      0.97230333        1.007649   2.1639576e-09       67.881662      0.30865486      0.14222569      0.69126672      0.24598826      0.24732041       2.4051462       11.881597      0.82002716      0.99529542      0.45558015      0.61121854       2.1639576       1.7666736       13.771776       147.09069       35.587138       -2.1396182                    37.726756       171.09378             171.09378
              4       116.26895       3.0774719      0.97577619       1.0407711     0.022617103      0.11896372      0.10142014      0.97230333        1.007649   2.1703465e-09       67.881662      0.30865486      0.14222569      0.69126672      0.24598826      0.24732041       2.4051462       11.881597      0.82335464      0.99933409      0.45742879      0.61369872       2.1703465       1.7718896       13.771776       147.09069       35.587138       -2.1396182                    37.726756       161.36362             161.36362
              6       116.30578       3.0795474      0.97582573       1.0407409      0.02262523      0.11917671      0.10204685      0.97230333        1.007649   2.1748557e-09       67.803076      0.30985173      0.14244681      0.69006966      0.24599173      0.24732389       2.4037257       11.936208      0.82489765       1.0017869      0.45917372      0.61544401       2.1748557       1.7733468       13.772763       147.02536       35.689454       -2.0373017                    37.726756       161.23266             161.23266
             15       116.52182       3.0799369      0.97880995       1.0407409      0.02262523      0.11917671      0.10204685      0.97212553       1.0063153    2.175703e-09       67.803076      0.30985173      0.14244681      0.69006966      0.24599173      0.24732389       2.4037257       11.936208      0.82599786       1.0031231      0.45978615      0.61626486        2.175703       1.7740376       13.772763       147.02536       36.238393       -2.0373017                    38.275695       160.56686             160.56686
              8       111.61385       3.0859885      0.97818192        1.040762     0.022568425      0.11911809      0.10537618      0.97379118      0.99573179   2.1889094e-09       67.783795      0.30977681      0.14233138      0.69014453      0.24596744      0.24729951       2.4136788       12.227357      0.82836084       1.0061358      0.46104574      0.61799049       2.1889094       1.7729611       13.777613       147.10386       31.806558       -1.4644874                    33.271046       159.61459             159.61459
             10       107.52442       3.0859202       0.9785676       1.0407725      0.02258431      0.11898911      0.10550088      0.97448949       1.0025078   2.1887598e-09       67.846009      0.30896324      0.14221828      0.69095825      0.24597424      0.24730633       2.4108895       12.228561      0.82794823       1.0051735      0.46021057       0.6172767       2.1887598       1.7723978       13.775149       147.12035         29.8225       -1.4420758                    31.264576       155.40384             155.40384
              2       108.02374       3.0881587      0.98014266        1.040964      0.02264469      0.11856771      0.10704098      0.97448949       1.0025078   2.1936649e-09       68.109629      0.30579794      0.14185727      0.69412416      0.24600003      0.24733222       2.4003297       12.321724      0.82781897       1.0030697      0.45777561      0.61559348       2.1936649       1.7709067       13.761537       147.16497       30.104997       -1.1595793                    31.264576       155.83748             155.83748
              2       107.39712       3.0928164        0.971779        1.040631     0.022369999      0.12290727      0.10292507      0.97448949       1.0025078   2.2039061e-09       66.265117      0.33231598      0.14592213      0.66760172      0.24588245      0.24721421        2.448927       12.195507      0.84257061       1.0350559      0.48571545      0.63972617       2.2039061       1.7938805       13.816565       146.33115        29.37359       -1.8909864                    31.264576       156.04706             156.04706
             21       109.24824       3.0959152       0.9738481        1.040631     0.022369999      0.12290727      0.10292507      0.97448949       1.0025078   2.2107461e-09       66.265117      0.33231598      0.14592213      0.66760172      0.24588245      0.24721421        2.448927       12.195507      0.84453273       1.0374663      0.48684655      0.64121591       2.2107461        1.799448       13.816565       146.33115        29.37359       -1.8909864                    31.264576       159.74931             159.74931
              2       108.24974       3.0955086      0.96643999        1.040631     0.022369999      0.12290727      0.10292507      0.97448949       1.0025078   2.2098474e-09       66.265117      0.33231598      0.14592213      0.66760172      0.24588245      0.24721421        2.448927       12.195507      0.84201985       1.0343794      0.48539796        0.639308       2.2098474       1.7987164       13.816565       146.33115        29.37359       -1.8909864                    31.264576       157.75229             157.75229
              9        105.8565       3.0881659      0.96914721       1.0407611      0.02252793      0.12256171     0.099201288      0.97448949       1.0025078   2.1936807e-09       66.556652      0.32898754       0.1457345      0.67093088      0.24595008      0.24728208       2.4208105       11.820307       0.8381572       1.0273768      0.48074547      0.63477577       2.1936807       1.7989052       13.795404       146.24703       28.776738       -2.4878378                    31.264576       154.15952             154.15952
              2       95.417601       3.0905332      0.96836703       1.0405767      0.02251355      0.12324806     0.099278886      0.98030146       1.0013155     2.19888e-09        66.25058      0.33356535      0.14640648      0.66635232      0.24594391      0.24727589       2.4233505       11.849034      0.84099172       1.0332297      0.48571574      0.63912668         2.19888        1.802889       13.804883        146.0853       14.191131       -2.4760292                     16.66716       162.45294             162.45294
              4       95.654543       3.0866544      0.96572702       1.0401772     0.022449162      0.12465755     0.095263215      0.98030146       1.0013155   2.1903674e-09       65.591997      0.34342383      0.14775158      0.65649218       0.2459163      0.24724818       2.4347723       11.563834      0.84282057        1.040662      0.49391286      0.64519758       2.1903674        1.810391       13.828308       145.79341       13.615176       -3.0519843                     16.66716       164.07873             164.07873
              8       93.158938       3.0863581      0.97203879       1.0401772     0.022449162      0.12465755     0.095263215      0.98175702      0.99265598   2.1897185e-09       65.591997      0.34342383      0.14775158      0.65649218       0.2459163      0.24724818       2.4347723       11.563834      0.84467783       1.0429552      0.49500126      0.64661936       2.1897185       1.8098547       13.828308       145.79341        10.54706       -3.0519843                    13.599044       165.22376             165.22376
              4       91.501812       3.0874629      0.97199924        1.040137     0.022448617      0.12474125     0.095677377       0.9836921       1.0003806   2.1921392e-09       65.550363      0.34405375      0.14783474      0.65586215      0.24591607      0.24724795       2.4348692        11.60158       0.8453501       1.0441167      0.49584936      0.64743054       2.1921392       1.8103553       13.829854       145.77258       6.8887667        -2.995897                    9.8846637       169.22609             169.22609
              1       90.111134       3.0975279      0.97554695        1.040137     0.022448617      0.12474125     0.095677377      0.98349567      0.99515077   2.2143143e-09       65.550363      0.34405375      0.14783474      0.65586215      0.24591607      0.24724795       2.4348692        11.60158      0.85074012       1.0507741      0.49901094      0.65155861       2.2143143       1.8286683       13.829854       145.77258        7.246839        -2.995897                    10.242736       165.72859             165.72859
              9       84.126827       3.0987855      0.97578042       1.0402691     0.022465474      0.12492636     0.095859873       0.9856999       1.0018654   2.2171008e-09       65.546679       0.3445625       0.1480367      0.65535338      0.24592329       0.2472552        2.431871       11.616468      0.85200606       1.0523673      0.50012284      0.65276925       2.2171008       1.8303014       13.824801       145.70686       3.4995731       -2.9709409                     6.470514       161.25451             161.25451
              2       82.347588       3.0837836      0.97482304       1.0410181      0.02238587      0.12384984     0.090427382      0.98623581      0.99686417   2.1840884e-09       66.088849      0.33628538      0.14688057      0.66363188      0.24588922      0.24722101        2.446079        11.14734      0.84309578       1.0370813      0.48891224      0.64202792       2.1840884       1.8227453        13.80675       146.07031          1.9845        -3.650452                     5.634952       160.72618             160.72618
              3       79.179949       3.0870923      0.98291835       1.0410181      0.02238587      0.12384984     0.090427382      0.99279069      0.99722882   2.1913269e-09       66.088849      0.33628538      0.14688057      0.66363188      0.24588922      0.24722101        2.446079        11.14734        0.847069       1.0419688      0.49121632      0.64505358       2.1913269       1.8287862        13.80675       146.07031       -5.653205        -3.650452                   -2.0027531       169.66631             169.66631
             23       76.947417       3.0919582      0.97572154       1.0410181      0.02238587      0.12384984     0.090427382      0.99007418      0.99763012   2.2020156e-09       66.088849      0.33628538      0.14688057      0.66363188      0.24588922      0.24722101        2.446079        11.14734      0.84683462       1.0416804       0.4910804      0.64487509       2.2020156       1.8377065        13.80675       146.07031      -3.0672129        -3.650452                   0.58323906       160.02926             160.02926
             17       77.391742       3.0945366      0.97869701       1.0410181      0.02238587      0.12384984     0.090427382      0.98988695       0.9962653   2.2077005e-09       66.088849      0.33628538      0.14688057      0.66363188      0.24588922      0.24722101        2.446079        11.14734      0.84887645       1.0441921      0.49226446      0.64642997       2.2077005       1.8424509        13.80675       146.07031      -2.8587808        -3.650452                   0.79167118       160.50105             160.50105
              1       78.544121       3.0948255      0.98136265       1.0410181      0.02238587      0.12384984     0.090427382      0.98988695       0.9962653   2.2083384e-09       66.088849      0.33628538      0.14688057      0.66363188      0.24588922      0.24722101        2.446079        11.14734      0.84985192        1.045392      0.49283013       0.6471728       2.2083384       1.8429833        13.80675       146.07031      -2.8587808        -3.650452                   0.79167118        162.8058              162.8058
              7        76.06166       3.0949341      0.98138056       1.0410169     0.022386655      0.12385057     0.090476942      0.99394576      0.99406773   2.2085782e-09       66.088859      0.33628876      0.14688209       0.6636285      0.24588956      0.24722134       2.4459383       11.151432      0.84990166       1.0454531      0.49286145      0.64721231       2.2085782       1.8430007       13.806709       146.06926      -6.4987258       -3.6448456                   -2.8538801       165.12077             165.12077
              8       75.274389       3.0988085      0.98355287       1.0410169     0.022386655      0.12385057     0.090476942      0.99376891        1.002745   2.2171519e-09       66.088859      0.33628876      0.14688209       0.6636285      0.24588956      0.24722134       2.4459383       11.151432      0.85224765       1.0483389      0.49422191      0.64899881       2.2171519       1.8501553       13.806709       146.06926      -6.3780246       -3.6448456                    -2.733179       163.30483             163.30483
              3       75.136045       3.0977761      0.98093186       1.0410169     0.022386655      0.12385057     0.090476942      0.99376891        1.002745   2.2148639e-09       66.088859      0.33628876      0.14688209       0.6636285      0.24588956      0.24722134       2.4459383       11.151432      0.85096632       1.0467627      0.49347886      0.64802306       2.2148639        1.848246       13.806709       146.06926      -6.3780246       -3.6448456                    -2.733179       163.02814             163.02814
              8       73.849774       3.1059537      0.97122274       1.0410169     0.022386655      0.12385057     0.090476942      0.99398677       1.0027184   2.2330505e-09       66.088859      0.33628876      0.14688209       0.6636285      0.24588956      0.24722134       2.4459383       11.151432      0.85134042       1.0472229       0.4936958      0.64830794       2.2330505       1.8634222       13.806709       146.06926      -6.5262232       -3.6448456                   -2.8813776       160.75199             160.75199
             11       74.063878       3.1025551      0.97971948       1.0410169     0.022386655      0.12385057     0.090476942      0.99398677       1.0027184   2.2254741e-09       66.088859      0.33628876      0.14688209       0.6636285      0.24588956      0.24722134       2.4459383       11.151432      0.85261265       1.0487878      0.49443357      0.64927676       2.2254741          1.8571       13.806709       146.06926      -6.5262232       -3.6448456                   -2.8813776        161.1802              161.1802
              2       78.447145       3.1017879      0.97981551       1.0410895     0.022388641      0.12376085     0.090224177      0.99275091      0.99400217   2.2237675e-09       66.144804       0.3355196      0.14679436       0.6643978      0.24589041      0.24722219       2.4455823       11.126694      0.85209984       1.0477137      0.49357077      0.64851489       2.2237675       1.8566141        13.80402       146.09007      -5.6441232       -3.6733245                   -1.9707987       168.18254             168.18254
              5       78.590593       3.1013858      0.98058512       1.0410895     0.022388641      0.12376085     0.090224177      0.99275091      0.99400217   2.2228734e-09       66.144804       0.3355196      0.14679436       0.6643978      0.24589041      0.24722219       2.4455823       11.126694      0.85217569       1.0478069       0.4936147      0.64857263       2.2228734       1.8558677        13.80402       146.09007      -5.6441232       -3.6733245                   -1.9707987       168.46943             168.46943
             11       78.122528       3.1052287      0.96909365       1.0410895     0.022388641      0.12376085     0.090224177      0.99275091      0.99400217   2.2314322e-09       66.144804       0.3355196      0.14679436       0.6643978      0.24589041      0.24722219       2.4455823       11.126694      0.85013491       1.0452977       0.4924326      0.64701943       2.2314322       1.8630134        13.80402       146.09007      -5.6441232       -3.6733245                   -1.9707987        167.5333              167.5333
             10       79.255949        3.105667      0.96571385       1.0410895     0.022388641      0.12376085     0.090224177      0.99275091      0.99400217   2.2324104e-09       66.144804       0.3355196      0.14679436       0.6643978      0.24589041      0.24722219       2.4455823       11.126694      0.84924601       1.0442047      0.49191772      0.64634291       2.2324104       1.8638301        13.80402       146.09007      -5.6441232       -3.6733245                   -1.9707987       169.80014             169.80014
             10       78.190938       3.1103564      0.96892904       1.0410895     0.022388641      0.12376085     0.090224177      0.99271841      0.99621046   2.2429036e-09       66.144804       0.3355196      0.14679436       0.6643978      0.24589041      0.24722219       2.4455823       11.126694      0.85226473       1.0479164      0.49366628      0.64864039       2.2429036       1.8725908        13.80402       146.09007       -5.617886       -3.6733245                   -1.9445616       167.61765             167.61765
             12       73.779732       3.1043058      0.97153651       1.0410895     0.022388641      0.12376085     0.090224177      0.99351358       1.0012733   2.2293738e-09       66.144804       0.3355196      0.14679436       0.6643978      0.24589041      0.24722219       2.4455823       11.126694      0.85052138       1.0457729      0.49265646      0.64731357       2.2293738       1.8612948        13.80402       146.09007      -6.2261026       -3.6733245                   -2.5527781       160.01167             160.01167
             12        74.64447       3.1016347       0.9710667       1.0410895     0.022388641      0.12376085     0.090224177      0.99333675      0.99967032   2.2234269e-09       66.144804       0.3355196      0.14679436       0.6643978      0.24589041      0.24722219       2.4455823       11.126694      0.84923654       1.0441931      0.49191223       0.6463357       2.2234269       1.8563298        13.80402       146.09007      -6.0969225       -3.6733245                    -2.423598       161.48278             161.48278
             11       72.514829       3.1125556      0.97788083       1.0410895     0.022388641      0.12376085     0.090224177      0.99892963      0.99691329   2.2478417e-09       66.144804       0.3355196      0.14679436       0.6643978      0.24589041      0.24722219       2.4455823       11.126694      0.85607572       1.0526023      0.49587376      0.65154085       2.2478417       1.8767136        13.80402       146.09007      -8.4998793       -3.6733245                   -4.8265549       162.02942             162.02942
              3       72.440718       3.0980278      0.97871739       1.0401803     0.022517985      0.12423776     0.081942676      0.99892963      0.99691329   2.2154215e-09       65.790009      0.34054884      0.14740062      0.65936766      0.24594581       0.2472778       2.4225668       10.362321      0.85016679       1.0481517      0.49612812      0.64945488       2.2154215       1.8805369        13.81979       145.82586      -9.2758901       -4.4493352                   -4.8265549       163.43322             163.43322
             17       72.016542       3.0979518      0.97812055       1.0401803     0.022517985      0.12423776     0.081942676      0.99892963      0.99691329   2.2152532e-09       65.790009      0.34054884      0.14740062      0.65936766      0.24594581       0.2472778       2.4225668       10.362321      0.84994431       1.0478775      0.49599828      0.64928493       2.2152532        1.880394        13.81979       145.82586      -9.2758901       -4.4493352                   -4.8265549       162.58486             162.58486
              2       70.738209       3.0939228      0.97372429       1.0401803     0.022517985      0.12423776     0.081942676      0.99892963      0.99691329   2.2063458e-09       65.790009      0.34054884      0.14740062      0.65936766      0.24594581       0.2472778       2.4225668       10.362321      0.84683893       1.0440489      0.49418609      0.64691269       2.2063458       1.8728331        13.81979       145.82586      -9.2758901       -4.4493352                   -4.8265549        160.0282              160.0282
              3       73.791275       3.0910644       0.9708376       1.0401803     0.022517985      0.12423776     0.081942676      0.99892963      0.99691329   2.2000482e-09       65.790009      0.34054884      0.14740062      0.65936766      0.24594581       0.2472778       2.4225668       10.362321      0.84471791       1.0414339      0.49294834      0.64529241       2.2000482       1.8674874        13.81979       145.82586      -9.2758901       -4.4493352                   -4.8265549       166.13433             166.13433
              1       73.684523       3.0917444      0.97040745       1.0401868     0.022504188      0.12450092      0.08186941      0.99892963      0.99691329   2.2015448e-09       65.692908      0.34213414      0.14764998      0.65778212       0.2459399      0.24727186       2.4250062       10.365627      0.84575676       1.0434851      0.49470202      0.64683659       2.2015448       1.8690317         13.8219       145.77363      -9.2813952       -4.4548403                   -4.8265549       165.93184             165.93184
              4       72.896642       3.0950091      0.97101126       1.0402208     0.022526425      0.12444428     0.083482162      0.99312047      0.99789807   2.2087441e-09        65.74153      0.34154864      0.14761557      0.65836774      0.24594943      0.24728144       2.4210762       10.502505      0.84709881       1.0447543      0.49506287      0.64758564       2.2087441        1.869105       13.818428       145.76378      -6.5890154        -4.328144                   -2.2608714       158.97131             158.97131
              5       73.186332        3.095353       0.9712995       1.0402208     0.022526425      0.12444428     0.083482162      0.99311685      0.99796466   2.2095036e-09        65.74153      0.34154864      0.14761557      0.65836774      0.24594943      0.24728144       2.4210762       10.502505      0.84733563       1.0450464      0.49520127      0.64776668       2.2095036       1.8697478       13.818428       145.76378      -6.5862476        -4.328144                   -2.2581036       159.54516             159.54516
              3       70.994684       3.0916889      0.97155285         1.04058     0.022508886      0.12371648     0.082912667      0.99311685      0.99796466   2.2014227e-09       66.089989      0.33625009      0.14687023      0.66366717      0.24594191      0.24727389       2.4241751       10.441199      0.84401929       1.0382084       0.4894221      0.64271432       2.2014227       1.8650325       13.806924        145.9697      -6.6323069       -4.3742033                   -2.2581036       155.25398             155.25398
              4       70.605038       3.0921382      0.96720451         1.04058     0.022508886      0.12371648     0.082912667      0.99306193         1.00024    2.202412e-09       66.089989      0.33625009      0.14687023      0.66366717      0.24594191      0.24727389       2.4241751       10.441199       0.8428359       1.0367527      0.48873589      0.64181317        2.202412       1.8658706       13.806924        145.9697      -6.5901394       -4.3742033                   -2.2159361       154.39036             154.39036
              1       71.022413       3.0908722      0.96668592       1.0404231     0.022484925      0.12371039     0.082447034      0.99306193         1.00024   2.1996255e-09       66.019979      0.33689468      0.14684018       0.6630224      0.24593163      0.24726357       2.4284183       10.406213      0.84205239        1.036338      0.48874935      0.64152362       2.1996255       1.8652462       13.814032       145.99748      -6.6267275       -4.4107914                   -2.2159361       155.29828             155.29828
             25       71.355278       3.0936675      0.96445926       1.0404231     0.022484925      0.12371039     0.082447034      0.99306193         1.00024   2.2057826e-09       66.019979      0.33689468      0.14684018       0.6630224      0.24593163      0.24726357       2.4284183       10.406213      0.84252974       1.0369255      0.48902642      0.64188729       2.2057826       1.8704673       13.814032       145.99748      -6.6267275       -4.4107914                   -2.2159361       155.96401             155.96401
              2       70.985131       3.0973768      0.96558037       1.0405416     0.022542748      0.12382218     0.083806596      0.99305601        1.000276   2.2139797e-09       66.069812      0.33677521      0.14700979        0.663142      0.24595643      0.24728846       2.4181973       10.513197      0.84469278       1.0391955      0.49019496      0.64347816       2.2139797       1.8723204       13.805012       145.90551      -6.5126287       -4.3012602                   -2.2113686       154.99552             154.99552
             10       71.033194       3.0976138      0.96530894       1.0405416     0.022542748      0.12382218     0.083806596      0.99305601        1.000276   2.2145046e-09       66.069812      0.33677521      0.14700979        0.663142      0.24595643      0.24728846       2.4181973       10.513197      0.84470726       1.0392133      0.49020336      0.64348919       2.2145046       1.8727642       13.805012       145.90551      -6.5126287       -4.3012602                   -2.2113686       155.09164             155.09164
             17       69.447573       3.0995186      0.97106373       1.0405416     0.022542748      0.12382218     0.083806596      0.99604067       1.0016007   2.2187268e-09       66.069812      0.33677521      0.14700979        0.663142      0.24595643      0.24728846       2.4181973       10.513197      0.84733419       1.0424451      0.49172783      0.64549036       2.2187268       1.8763349       13.805012       145.90551      -8.3205602       -4.3012602                   -4.0193001       155.53627             155.53627
              3       70.020452       3.0973732      0.96746745       1.0405416     0.022542748      0.12382218     0.083806596      0.99632228       1.0008657   2.2139717e-09       66.069812      0.33677521      0.14700979        0.663142      0.24595643      0.24728846       2.4181973       10.513197      0.84528718       1.0399268      0.49053991      0.64393097       2.2139717       1.8723136       13.805012       145.90551      -8.4400391       -4.3012602                   -4.1387789       156.92098             156.92098
             33       70.147307       3.1046567      0.96869246       1.0406907     0.022613109      0.12427892     0.086263522      0.99662551       1.0010316   2.2301561e-09       66.024897      0.33844273       0.1475369      0.66147437      0.24598656      0.24731869       2.4058446       10.720369      0.85009026       1.0461915      0.49454707      0.64839004       2.2301561       1.8767556       13.795001       145.71159      -8.3400684       -4.0824839                   -4.2575845       156.97475             156.97475
              3       69.585875       3.0981187      0.96923764       1.0406483      0.02262464      0.12349104     0.084385668      0.99662551       1.0010316   2.2156231e-09       66.284744      0.33402745      0.14676055       0.6658903      0.24599148      0.24732364       2.4038288       10.532868      0.84488246       1.0377423      0.48830073      0.64230579       2.2156231       1.8715413        13.79235       145.90123      -8.5096979       -4.2521134                   -4.2575845       156.19115             156.19115
              1       70.695355       3.1033229      0.97370224       1.0406483      0.02262464      0.12349104     0.084385668      0.99662551       1.0010316   2.2271835e-09       66.284744      0.33402745      0.14676055       0.6658903      0.24599148      0.24732364       2.4038288       10.532868      0.84850554       1.0421924      0.49039469      0.64506016       2.2271835       1.8813064        13.79235       145.90123      -8.5096979       -4.2521134                   -4.2575845        158.4101              158.4101
              1       73.225332       3.0896716       0.9653304       1.0402603     0.022228204       0.1243387     0.077905413      0.99662551       1.0010316   2.1969863e-09       65.543267      0.34267812      0.14721177      0.65723776      0.24582177       0.2471533       2.4745939       10.082497      0.84395931       1.0424554      0.49404294      0.64571831       2.1969863       1.8800074       13.847163       146.11735      -8.9747077       -4.7171232                   -4.2575845       164.40008             164.40008
              2       72.539074       3.0866923      0.97819279       1.0402603     0.022228204       0.1243387     0.077905413      0.99662551       1.0010316   2.1904504e-09       65.543267      0.34267812      0.14721177      0.65723776      0.24582177       0.2471533       2.4745939       10.082497      0.84674815       1.0459001      0.49567549      0.64785207       2.1904504       1.8744145       13.847163       146.11735      -8.9747077       -4.7171232                   -4.2575845       163.02756             163.02756
              8       71.690995       3.0861363      0.97871267       1.0404777     0.022253767       0.1242929     0.077534724      0.99662551       1.0010316    2.189233e-09       65.651679      0.34150036      0.14719154       0.6584158      0.24583277      0.24716434       2.4699372       10.040251      0.84667139       1.0449415       0.4947781      0.64723601        2.189233       1.8747622       13.837885       146.10106      -8.9956641       -4.7380796                   -4.2575845       161.37332             161.37332
              3       70.804813       3.0815857      0.97445811       1.0404777     0.022253767       0.1242929     0.077534724      0.99662551       1.0010316   2.1792931e-09       65.651679      0.34150036      0.14719154       0.6584158      0.24583277      0.24716434       2.4699372       10.040251      0.84340453       1.0409096      0.49286901      0.64473867       2.1792931       1.8662501       13.837885       146.10106      -8.9956641       -4.7380796                   -4.2575845       159.60095             159.60095
             11       70.926534       3.0810594      0.97435629       1.0404551     0.022248881      0.12427515     0.077333196      0.99662551       1.0010316   2.1781465e-09       65.646092      0.34150596       0.1471689      0.65841019      0.24583067      0.24716224       2.4708262       10.022657       0.8430904       1.0405662      0.49268947      0.64450118       2.1781465       1.8660201       13.838997         146.111      -9.0068009       -4.7492164                   -4.2575845       159.86667             159.86667
             13       70.634855       3.0799026      0.97946437       1.0404551     0.022248881      0.12427515     0.077333196      0.99662551       1.0010316   2.1756283e-09       65.646092      0.34150596       0.1471689      0.65841019      0.24583067      0.24716224       2.4708262       10.022657      0.84421363       1.0419525      0.49334588      0.64535983       2.1756283       1.8638628       13.838997         146.111      -9.0068009       -4.7492164                   -4.2575845       159.28331             159.28331
              7       71.880932       3.0883286      0.96892745       1.0404551     0.022248881      0.12427515     0.077333196      0.99666463        1.004066   2.1940376e-09       65.646092      0.34150596       0.1471689      0.65841019      0.24583067      0.24716224       2.4708262       10.022657      0.84444939       1.0422435      0.49348365      0.64554006       2.1940376        1.879634       13.838997         146.111       -9.021384       -4.7492164                   -4.2721675       161.80463             161.80463
             12       71.150037       3.0919157      0.96963211       1.0407607     0.022278828      0.12436974     0.078718603      0.99634036      0.99965916    2.201922e-09       65.740564       0.3408133      0.14729343      0.65910309      0.24584351      0.24717513       2.4653843        10.14397      0.84669163       1.0442598      0.49429195      0.64692569        2.201922       1.8811691        13.82712       146.05376      -8.8151612       -4.6690112                     -4.14615        159.9304              159.9304
              6        74.20744       3.0711058      0.96844777       1.0413054     0.022222859       0.1236279     0.069786364      0.99634036      0.99965916   2.1565738e-09       66.124045      0.33504708      0.14649563      0.66487027      0.24581946      0.24715099       2.4755691       9.3102479      0.83603983       1.0281282      0.48392704      0.63606782       2.1565738       1.8756364       13.813882       146.30657      -9.1824741       -5.0363241                     -4.14615       166.77983             166.77983
              3       75.001326       3.0762527      0.96856528       1.0413054     0.022222859       0.1236279     0.069786364      0.99634036      0.99965916    2.167702e-09       66.124045      0.33504708      0.14649563      0.66487027      0.24581946      0.24715099       2.4755691       9.3102479      0.83823098       1.0308228      0.48519534      0.63773487        2.167702        1.885315       13.813882       146.30657      -9.1824741       -5.0363241                     -4.14615        168.3676              168.3676
              7       74.621306        3.072754      0.98023302       1.0413054     0.022222859       0.1236279     0.069786364      0.99915682       1.0068001   2.1601312e-09       66.124045      0.33504708      0.14649563      0.66487027      0.24581946      0.24715099       2.4755691       9.3102479        0.840441       1.0335406      0.48647457      0.63941628       2.1601312       1.8787304       13.813882       146.30657      -9.8870313       -5.0363241                   -4.8507072       169.01668             169.01668
              1       71.670975       3.0719512      0.97771371       1.0413054     0.022222859       0.1236279     0.069786364       0.9985342       1.0003575   2.1583977e-09       66.124045      0.33504708      0.14649563      0.66487027      0.24581946      0.24715099       2.4755691       9.3102479      0.83930719       1.0321462      0.48581829      0.63855367       2.1583977       1.8772227       13.813882       146.30657      -9.8071631       -5.0363241                    -4.770839       162.95628             162.95628
              4       71.881164       3.0890291      0.98083555       1.0412684     0.022384887      0.12421483     0.076539715       1.0007237       0.9991378   2.1955751e-09       66.048835      0.33752737      0.14724458      0.66238979       0.2458888      0.24722058       2.4462553       9.9103611      0.84866819       1.0442521      0.49305166      0.64686726       2.1955751       1.8839386       13.800634       145.97745      -9.6524218       -4.7913113                   -4.8611105       163.06717             163.06717
              3       72.069609       3.0848967      0.98008317       1.0412684     0.022384887      0.12421483     0.076539715        1.000299       1.0016582   2.1865207e-09       66.048835      0.33752737      0.14724458      0.66238979       0.2458888      0.24722058       2.4462553       9.9103611      0.84667636       1.0418012      0.49189446      0.64534906       2.1865207       1.8761694       13.800634       145.97745      -9.6765499       -4.7913113                   -4.8852386       163.49232             163.49232
              5       71.254957       3.0934145      0.97922767       1.0407778     0.022366265       0.1251461      0.07934528        1.000299       1.0016582   2.2052248e-09        65.56025      0.34470029      0.14815723      0.65521563      0.24588085      0.24721261       2.4495977       10.192406      0.85246802       1.0528289      0.50049405      0.65318846       2.2052248       1.8816309       13.820364        145.7591      -9.5151676        -4.629929                   -4.8852386       161.54025             161.54025
              7       72.180328       3.0869032      0.98048179       1.0405499      0.02246791      0.12527889     0.075536908       1.0035061       0.9981289   2.1909125e-09       65.525029      0.34561699      0.14839167      0.65429885      0.24592434      0.24725625       2.4314383         9.81487      0.84986026       1.0498903      0.49962604      0.65162283       2.1909125        1.883712       13.817309       145.61419      -9.0478023       -4.8405082                   -4.2072941       162.45626             162.45626
             18       69.513701       3.0884874      0.97485867       1.0405499      0.02246791      0.12527889     0.075536908      0.99980406       1.0015232   2.1943861e-09       65.525029      0.34561699      0.14839167      0.65429885      0.24592434      0.24725625       2.4314383         9.81487      0.84874615       1.0485139      0.49897106      0.65076859       2.1943861       1.8866986       13.817309       145.61419      -9.7285797       -4.8405082                   -4.8880715       158.48456             158.48456
              6       69.563924       3.0924251      0.96477796       1.0405499      0.02246791      0.12527889     0.075536908      0.99980406       1.0015232   2.2030438e-09       65.525029      0.34561699      0.14839167      0.65429885      0.24592434      0.24725625       2.4314383         9.81487      0.84723068       1.0466418      0.49808013      0.64960662       2.2030438       1.8941423       13.817309       145.61419      -9.7285797       -4.8405082                   -4.8880715       158.58501             158.58501
              3       70.748143       3.0926636      0.96392679       1.0404615     0.022413755      0.12516288     0.076114239      0.99980406       1.0015232   2.2035695e-09       65.489198      0.34559851       0.1482215      0.65431723      0.24590114      0.24723297       2.4410876       9.8811552      0.84682255       1.0464237      0.49782689      0.64928502       2.2035695       1.8924079       13.825075       145.70283      -9.7008022       -4.8127307                   -4.8880715       160.89789             160.89789
              4       70.936333       3.0925874      0.96366598       1.0404615     0.022413755      0.12516288     0.076114239      0.99980406       1.0015232   2.2034015e-09       65.489198      0.34559851       0.1482215      0.65431723      0.24590114      0.24723297       2.4410876       9.8811552      0.84670832       1.0462826      0.49775973      0.64919743       2.2034015       1.8922637       13.825075       145.70283      -9.7008022       -4.8127307                   -4.8880715       161.27427             161.27427
              9       70.872849       3.1006538      0.96548876       1.0404615     0.022413755      0.12516288     0.076114239      0.99980406       1.0015232   2.2212469e-09       65.489198      0.34559851       0.1482215      0.65431723      0.24590114      0.24723297       2.4410876       9.8811552      0.85070563       1.0512221      0.50010965      0.65226229       2.2212469       1.9075891       13.825075       145.70283      -9.7008022       -4.8127307                   -4.8880715        161.1473              161.1473
              6       67.859941       3.0817605       0.9693026       1.0410659     0.022567195      0.12295328     0.069834418      0.99980406       1.0015232   2.1796741e-09       66.557899      0.32994776      0.14616534      0.66997066      0.24596691      0.24729898        2.413895        9.209156      0.83696911       1.0259109      0.48076409        0.634338       2.1796741       1.8955452       13.783757       146.10265      -9.9233682       -5.0352967                   -4.8880715       155.56662             155.56662
              2       67.538803       3.0799672      0.97033395       1.0410659     0.022567195      0.12295328     0.069834418      0.99980406       1.0015232   2.1757689e-09       66.557899      0.32994776      0.14616534      0.66997066      0.24596691      0.24729898        2.413895        9.209156       0.8365437       1.0253894      0.48051973      0.63401558       2.1757689       1.8921492       13.783757       146.10265      -9.9233682       -5.0352967                   -4.8880715       154.92434             154.92434
              7       67.100545        3.042989      0.96647305       1.0406744     0.022519216       0.1242264     0.049603249      0.99980406       1.0015232   2.0967823e-09       65.958987       0.3387829      0.14739048      0.66113403      0.24594634      0.24727833       2.4223492       7.2261852      0.82380923       1.0143543      0.47949866      0.62850252       2.0967823       1.8987531       13.804829       145.82743      -9.4485053       -4.5604338                   -4.8880715        153.0981              153.0981
              9        67.73795       3.0364742      0.96855864       1.0404812     0.022594887      0.12288653     0.048494179       1.0004132       0.9980196   2.0831665e-09       66.408615       0.3313443      0.14612629      0.66857375      0.24597877      0.24731088       2.4090349       7.0735857      0.81711048       1.0026944      0.47034934      0.61994143       2.0831665       1.8906123       13.798188       146.08958      -9.3625258       -4.4818066                   -4.8807192       154.20095             154.20095
              1       68.015535       3.0377594      0.96920212       1.0404812     0.022594887      0.12288653     0.048494179       1.0004132       0.9980196   2.0858455e-09       66.408615       0.3313443      0.14612629      0.66857375      0.24597877      0.24731088       2.4090349       7.0735857      0.81783319       1.0035812      0.47076535      0.62048975       2.0858455       1.8930437       13.798188       146.08958      -9.3625258       -4.4818066                   -4.8807192       154.75612             154.75612
              2        67.89201       3.0404221       0.9689672       1.0404459     0.022580024      0.12300011     0.049684818       1.0004132       0.9980196   2.0914069e-09       66.346021      0.33219407        0.146225      0.66772383      0.24597241      0.24730449       2.4116417       7.2039196      0.81923114       1.0057708      0.47217435       0.6219485       2.0914069       1.8935765       13.801165       146.07651      -9.4467199       -4.5660007                   -4.8807192       154.67746             154.67746
              5       68.097739       3.0437841      0.97015643       1.0405784     0.022639476      0.12305072     0.050969353       1.0004132       0.9980196   2.0984501e-09       66.422437      0.33167962      0.14633506      0.66823847      0.24599781      0.24732999        2.401239       7.3269484      0.82103227        1.007402      0.47284589      0.62307442       2.0984501       1.8950787       13.791361       145.99844      -9.5304882        -4.649769                   -4.8807192       155.25645             155.25645
              2        68.21716       3.0477505       0.9642039       1.0405784     0.022639476      0.12305072     0.050969353       1.0004132       0.9980196   2.1067899e-09       66.422437      0.33167962      0.14633506      0.66823847      0.24599781      0.24732999        2.401239       7.3269484      0.82082717       1.0071504      0.47272777      0.62291878       2.1067899       1.9026101       13.791361       145.99844      -9.5304882        -4.649769                   -4.8807192        155.4953              155.4953
              1       68.611484       3.0447453      0.96039835       1.0405784     0.022639476      0.12305072     0.050969353       1.0004132       0.9980196    2.100468e-09       66.422437      0.33167962      0.14633506      0.66823847      0.24599781      0.24732999        2.401239       7.3269484      0.81842855       1.0042073      0.47134637      0.62109848        2.100468       1.8969009       13.791361       145.99844      -9.5304882        -4.649769                   -4.8807192       156.28394             156.28394
             19       69.394301       3.0493173      0.95704541       1.0405784     0.022639476      0.12305072     0.050969353       1.0004132       0.9980196   2.1100935e-09       66.422437      0.33167962      0.14633506      0.66823847      0.24599781      0.24732999        2.401239       7.3269484      0.81927521       1.0052461      0.47183398      0.62174101       2.1100935       1.9055936       13.791361       145.99844      -9.5304882        -4.649769                   -4.8807192       157.84958             157.84958
              6       68.824441       3.0452919      0.95970597       1.0405784     0.022639476      0.12305072     0.050969353       1.0004166      0.99793335   2.1016166e-09       66.422437      0.33167962      0.14633506      0.66823847      0.24599781      0.24732999        2.401239       7.3269484       0.8184405        1.004222      0.47135325      0.62110755       2.1016166       1.8979382       13.791361       145.99844      -9.5303331        -4.649769                   -4.8805641       156.70955             156.70955
              6       68.144084       3.0453672      0.96079427       1.0407173     0.022707761      0.12321059     0.050394706       1.0004166      0.99793335   2.1017747e-09       66.471533      0.33170621      0.14656322        0.668212      0.24602683      0.24735912       2.3893714       7.2553068      0.81917436       1.0047511       0.4717948      0.62167693       2.1017747       1.9002637       13.780868       145.88273      -9.4937652       -4.6132011                   -4.8805641        155.2757              155.2757
              3       68.183365       3.0451062      0.96065163       1.0407047     0.022700267       0.1232065     0.050307992       1.0004166      0.99793335   2.1012262e-09       66.462485       0.3317703      0.14655163      0.66814789      0.24602366      0.24735593       2.3906696       7.2477257       0.8190284       1.0046405       0.4717563      0.62159618       2.1012262       1.9000973       13.781987       145.89195      -9.4881197       -4.6075556                   -4.8805641       155.34297             155.34297
              1        68.65052       3.0463769      0.95876073       1.0407047     0.022700267       0.1232065     0.050307992       1.0004166      0.99793335   2.1038979e-09       66.462485       0.3317703      0.14655163      0.66814789      0.24602366      0.24735593       2.3906696       7.2477257      0.81896957       1.0045683      0.47172242      0.62155153       2.1038979       1.9025133       13.781987       145.89195      -9.4881197       -4.6075556                   -4.8805641       156.27728             156.27728
              7       68.945585       3.0471023      0.95823405       1.0406781      0.02266686      0.12317948     0.050862659       1.0004166      0.99793335   2.1054247e-09       66.434913      0.33190883      0.14649121      0.66800929      0.24600947      0.24734169       2.3964694       7.3121538      0.81912694       1.0049698      0.47191156      0.62173586       2.1054247        1.901783       13.786071       145.93537      -9.5236545       -4.6430904                   -4.8805641       156.93848             156.93848
              5       69.261608       3.0582656      0.96120331       1.0403752     0.022741741      0.12176674     0.058672544       1.0004166      0.99793335   2.1290598e-09       66.876927      0.32454463      0.14515334      0.67537457      0.24604119      0.24737353       2.3834986       8.0658023      0.81948094       1.0020761      0.46684861      0.61852529       2.1290598       1.8933266       13.782316       146.21884      -9.8788272       -4.9982632                   -4.8805641       158.28087             158.28087
              3       68.919202       3.0624167      0.96083805       1.0403713     0.022722481      0.12203906      0.06032749       1.0004166      0.99793335   2.1379161e-09       66.766395      0.32618779      0.14540641      0.67373114      0.24603306      0.24736537       2.3868246        8.238037      0.82203028       1.0060252      0.46948494      0.62123332       2.1379161         1.89492       13.785413       146.16925      -9.9192813       -5.0387173                   -4.8805641       157.67697             157.67697
              5       68.601358       3.0589389      0.96402807       1.0403713     0.022722481      0.12203906      0.06032749      0.99942136       1.0031189   2.1304939e-09       66.766395      0.32618779      0.14540641      0.67373114      0.24603306      0.24736537       2.3868246        8.238037      0.82158476       1.0054799      0.46923049      0.62089663       2.1304939       1.8883413       13.785413       146.16925      -9.9103206       -5.0387173                   -4.8716033       157.02336             157.02336
             13       67.910108       3.0577243      0.96767415       1.0403713     0.022722481      0.12203906      0.06032749       1.0005793      0.99976805   2.1279078e-09       66.766395      0.32618779      0.14540641      0.67373114      0.24603306      0.24736537       2.3868246        8.238037      0.82221193       1.0062475      0.46958869       0.6213706       2.1279078       1.8860491       13.785413       146.16925      -9.9102799       -5.0387173                   -4.8715626       155.64078             155.64078
              4       67.620248       3.0606355      0.96550526       1.0403713     0.022722481      0.12203906      0.06032749       1.0005793      0.99976805   2.1341116e-09       66.766395      0.32618779      0.14540641      0.67373114      0.24603306      0.24736537       2.3868246        8.238037      0.82273841       1.0068918      0.46988937      0.62176847       2.1341116       1.8915479       13.785413       146.16925      -9.9102799       -5.0387173                   -4.8715626       155.06106             155.06106
              3        67.38857       3.0619884      0.96674191       1.0405513     0.022766758      0.12163285     0.061473099       1.0005793      0.99976805   2.1370008e-09       67.002544      0.32308635      0.14504448      0.67683315      0.24605172      0.24738409       2.3791887       8.3330088       0.8223486       1.0046396      0.46742858      0.61999132       2.1370008       1.8897738       13.774014        146.2262      -9.9311539       -5.0595913                   -4.8715626       154.63945             154.63945
              3       67.731249        3.067208      0.96623029       1.0403509     0.022733937      0.12179495     0.063971634       1.0005793      0.99976805   2.1481842e-09       66.852662      0.32482594      0.14517376       0.6750932       0.2460379      0.24737022       2.3848453       8.5853454      0.82480638       1.0087712      0.47008605      0.62267967       2.1481842       1.8901944       13.783938       146.22002      -9.9564462       -5.0848835                   -4.8715626       155.37539             155.37539
              1       67.640159       3.0678457      0.96709401       1.0403509     0.022733937      0.12179495     0.063971634       1.0005793      0.99976805   2.1495544e-09       66.852662      0.32482594      0.14517376       0.6750932       0.2460379      0.24737022       2.3848453       8.5853454      0.82533757       1.0094208       0.4703888      0.62308069       2.1495544          1.8914       13.783938       146.22002      -9.9564462       -5.0848835                   -4.8715626       155.19321             155.19321
              1       68.829111       3.0692403      0.96861761       1.0406654     0.022813516      0.12181316     0.064197088       1.0001736      0.99694077   2.1525544e-09       67.017839      0.32344445      0.14527154      0.67647509      0.24607129      0.24740373       2.3711657        8.588539      0.82643049       1.0095111        0.470009      0.62324134       2.1525544       1.8931859       13.766563       146.12828      -9.9743313        -5.085801                   -4.8885303       157.60689             157.60689
              7       68.651596       3.0684342      0.96905472       1.0406654     0.022813516      0.12181316     0.064197088       1.0001736      0.99694077   2.1508198e-09       67.017839      0.32344445      0.14527154      0.67647509      0.24607129      0.24740373       2.3711657        8.588539      0.82623381       1.0092709      0.46989715      0.62309302       2.1508198       1.8916603       13.766563       146.12828      -9.9743313        -5.085801                   -4.8885303       157.25185             157.25185
              1       70.562458       3.0574286      0.97202873       1.0406654     0.022813516      0.12181316     0.064197088       1.0001736      0.99694077   2.1272787e-09       67.017839      0.32344445      0.14527154      0.67647509      0.24607129      0.24740373       2.3711657        8.588539      0.82262398       1.0048614      0.46784416      0.62037072       2.1272787       1.8709557       13.766563       146.12828      -9.9743313        -5.085801                   -4.8885303       161.07358             161.07358
              3       69.100843       3.0610694      0.96990566       1.0407336     0.022727494      0.12278162     0.064623445       1.0000426      0.99896413   2.1350377e-09       66.638655      0.32912298      0.14615398      0.67079564      0.24603518      0.24736749       2.3859582       8.6681382      0.82701537       1.0130957      0.47445244        0.626402       2.1350377       1.8761793       13.776833       145.97178      -9.9770223       -5.0869185                   -4.8901038       158.15573             158.15573
              6       66.870115       3.0676421       0.9704994       1.0407336     0.022727494      0.12278162     0.064623445       1.0000426      0.99896413    2.149117e-09       66.638655      0.32912298      0.14615398      0.67079564      0.24603518      0.24736749       2.3859582       8.6681382      0.82992333       1.0166579      0.47612071      0.62860455        2.149117       1.8885515       13.776833       145.97178      -9.9770223       -5.0869185                   -4.8901038       153.69427             153.69427
              7       67.272241       3.0719441      0.97022607       1.0406239     0.022735136      0.12345802     0.065560567       1.0014022      0.99991793   2.1583823e-09       66.379708      0.33324822      0.14683802      0.66666976       0.2460384      0.24737073       2.3846385       8.7683287      0.83364951       1.0232125      0.48124632      0.63339621       2.1583823        1.893142       13.781768       145.78929      -9.8675027       -5.0865353                   -4.7809674       154.27949             154.27949
              2       67.373915       3.0722828      0.97038574       1.0406558     0.022743899        0.123479     0.065644386       1.0014022      0.99991793   2.1591135e-09       66.390581      0.33320656      0.14686776      0.66671145       0.2460421      0.24737444       2.3831264       8.7746011      0.83390532       1.0234427       0.4813639      0.63357077       2.1591135       1.8934659       13.780001       145.77436      -9.8672783       -5.0863109                   -4.7809674       154.48239             154.48239
             11       68.056615       3.0768323      0.95978957       1.0406558     0.022743899        0.123479     0.065644386       1.0014022      0.99991793   2.1689586e-09       66.390581      0.33320656      0.14686776      0.66671145       0.2460421      0.24737444       2.3831264       8.7746011      0.83249079       1.0217066      0.48054737      0.63249606       2.1689586       1.9020997       13.780001       145.77436      -9.8672783       -5.0863109                   -4.7809674       155.84779             155.84779
             13       68.555927       3.0742895      0.96019627       1.0404028      0.02275831      0.12306288     0.065142785       1.0014022      0.99991793   2.1634506e-09       66.458644      0.33161491      0.14646606      0.66830327      0.24604817      0.24738053       2.3806427       8.7148866      0.82991725       1.0180264      0.47791627      0.62978644       2.1634506       1.8991736       13.784615       145.86566      -9.8681557       -5.0871883                   -4.7809674       156.84817             156.84817
              8       67.515094       3.0753106      0.96363103       1.0404028      0.02275831      0.12306288     0.065142785       1.0017658      0.99873357   2.1656607e-09       66.458644      0.33161491      0.14646606      0.66830327      0.24604817      0.24738053       2.3806427       8.7148866      0.83140909       1.0198564      0.47877536      0.63091852       2.1656607       1.9011138       13.784615       145.86566      -9.8041637       -5.0871883                   -4.7169754       154.63851             154.63851
             21       67.953998       3.0791314      0.96297693       1.0404028      0.02275831      0.12306288     0.065142785       1.0017658      0.99873357    2.173951e-09       66.458644      0.33161491      0.14646606      0.66830327      0.24604817      0.24738053       2.3806427       8.7148866      0.83279487       1.0215563      0.47957338      0.63197013        2.173951       1.9083914       13.784615       145.86566      -9.8041637       -5.0871883                   -4.7169754       155.51632             155.51632
              6       68.669439       3.0730235      0.96426752       1.0405986     0.022840297      0.12293091     0.061947859        1.003415       1.0022713   2.1607133e-09       66.637006       0.3297295      0.14641608      0.67018911      0.24608243      0.24741491       2.3665895       8.3843392      0.83010165        1.016889      0.47666162      0.62902909       2.1607133       1.9089296       13.769987       145.81043      -9.3088536       -5.0665324                   -4.2423212       155.95658             155.95658
              9       69.228079       3.0704144      0.96507979       1.0405986     0.022840297      0.12293091     0.061947859        1.003415       1.0022713   2.1550832e-09       66.637006       0.3297295      0.14641608      0.67018911      0.24608243      0.24741491       2.3665895       8.3843392      0.82927248       1.0158732      0.47618549      0.62840077       2.1550832       1.9039556       13.769987       145.81043      -9.3088536       -5.0665324                   -4.2423212       157.07386             157.07386
              6       68.975653       3.0885201      0.96396383       1.0407595     0.022742429      0.12334998     0.070525961        1.003415       1.0022713   2.1944579e-09       66.467443      0.33214101      0.14673727      0.66777719      0.24604148      0.24737382       2.3833798       9.2351755      0.83837315       1.0283309       0.4831685      0.63645542       2.1944579       1.9057642       13.776595       145.80912      -9.2616965       -5.0193753                   -4.2423212        156.4747              156.4747
              8       68.573079       3.0879608      0.96688197       1.0407595     0.022742429      0.12334998     0.070525961        1.003415       1.0022713   2.1932308e-09       66.467443      0.33214101      0.14673727      0.66777719      0.24604148      0.24737382       2.3833798       9.2351755      0.83905711       1.0291698      0.48356267      0.63697465       2.1932308       1.9046986       13.776595       145.80912      -9.2616965       -5.0193753                   -4.2423212       155.66955             155.66955
              4       71.007919       3.0804278      0.97605341       1.0407595     0.022742429      0.12334998     0.070525961        1.003415       1.0022713   2.1767713e-09       66.467443      0.33214101      0.14673727      0.66777719      0.24604148      0.24737382       2.3833798       9.2351755       0.8387942       1.0288473      0.48341115      0.63677506       2.1767713       1.8904044       13.776595       145.80912      -9.2616965       -5.0193753                   -4.2423212       160.53923             160.53923
             10       71.699758       3.0802729      0.97860905       1.0407595     0.022742429      0.12334998     0.070525961        1.003415       1.0022713   2.1764342e-09       66.467443      0.33214101      0.14673727      0.66777719      0.24604148      0.24737382       2.3833798       9.2351755       0.8395392       1.0297611      0.48384051      0.63734063       2.1764342       1.8901117       13.776595       145.80912      -9.2616965       -5.0193753                   -4.2423212       161.92291             161.92291
             14       72.890463       3.0768725      0.97812682       1.0407595     0.022742429      0.12334998     0.070525961        1.003415       1.0022713   2.1690459e-09       66.467443      0.33214101      0.14673727      0.66777719      0.24604148      0.24737382       2.3833798       9.2351755      0.83796029       1.0278245      0.48293056      0.63614199       2.1690459       1.8836954       13.776595       145.80912      -9.2616965       -5.0193753                   -4.2423212       164.30432             164.30432
              2       74.835393       3.0693511       0.9804583       1.0407808     0.022823906      0.12185931     0.069092044        1.003415       1.0022713   2.1527928e-09       67.049289      0.32326685      0.14532808      0.67665276      0.24607561      0.24740807       2.3693888         9.05116       0.8304136       1.0141387      0.47214462      0.62615917       2.1527928       1.8749498       13.762246       146.10498      -9.2923441       -5.0500229                   -4.2423212       168.25547             168.25547
              3       71.646962        3.070156      0.97776283       1.0407808     0.022823906      0.12185931     0.069092044      0.99954038       1.0040161   2.1545264e-09       67.049289      0.32326685      0.14532808      0.67665276      0.24607561      0.24740807       2.3693888         9.05116      0.82989751       1.0135084      0.47185118      0.62577002       2.1545264       1.8764597       13.762246       146.10498      -9.9284911       -5.0500229                   -4.8784682       163.15091             163.15091
              2       69.410284        3.068527      0.97543398       1.0407507      0.02271523      0.12227796     0.068007751      0.99954038       1.0040161   2.1510194e-09        66.80554      0.32632468      0.14563806      0.67359435      0.24602999      0.24736229       2.3880787       8.9847601      0.83027157       1.0158134      0.47429126      0.62752733       2.1510194       1.8774723       13.775706        146.1153      -9.9455983       -5.0671301                   -4.8784682       158.71176             158.71176
              2       68.152153       3.0657647      0.97176976       1.0407507      0.02271523      0.12227796     0.068007751      0.99701875      0.99649136    2.145086e-09        66.80554      0.32632468      0.14563806      0.67359435      0.24602999      0.24736229       2.3880787       8.9847601       0.8279784       1.0130078       0.4729813      0.62579413        2.145086       1.8722935       13.775706        146.1153      -9.4635642       -5.0671301                    -4.396434       155.23144             155.23144
              6       67.457227       3.0688095      0.96995188       1.0407507      0.02271523      0.12227796     0.068007751      0.99672364       1.0013969   2.1516273e-09        66.80554      0.32632468      0.14563806      0.67359435      0.24602999      0.24736229       2.3880787       8.9847601      0.82867126       1.0138554      0.47337709      0.62631781       2.1516273        1.878003       13.775706        146.1153      -9.3609718       -5.0671301                   -4.2938417        153.6364              153.6364
             23       69.834775       3.0694538      0.96632263       1.0407507      0.02271523      0.12227796     0.068007751      0.99761523      0.99426145   2.1530139e-09        66.80554      0.32632468      0.14563806      0.67359435      0.24602999      0.24736229       2.3880787       8.9847601      0.82780549       1.0127962      0.47288252      0.62566345       2.1530139       1.8792132       13.775706        146.1153      -9.6413829       -5.0671301                   -4.5742528       158.95232             158.95232
             10       69.741161       3.0636212      0.97482302       1.0407507      0.02271523      0.12227796     0.068007751      0.99761523      0.99426145   2.1404929e-09        66.80554      0.32632468      0.14563806      0.67359435      0.24602999      0.24736229       2.3880787       8.9847601      0.82804616       1.0130907      0.47302001      0.62584535       2.1404929       1.8682845       13.775706        146.1153      -9.6413829       -5.0671301                   -4.5742528       158.76509             158.76509
             28       69.341432       3.0793876      0.96978494       1.0410046     0.022462334      0.12403663     0.073675053      0.99720054       1.0022453   2.1745082e-09       66.085118      0.33692615      0.14714383       0.6629911      0.24592195      0.24725385       2.4324291       9.6188155      0.83993989       1.0332285      0.48754597      0.63992914       2.1745082       1.8765827       13.800058       145.93831      -9.3748132       -4.9199968                   -4.4548163       157.43249             157.43249
              6       70.384824       3.0880241       0.9697113       1.0400655     0.022476364      0.12456527     0.077259593      0.99701262       1.0015571   2.1933696e-09       65.608167      0.34310338       0.1476865      0.65681267      0.24592796      0.24725989       2.4299371       9.9557054      0.84414963       1.0421746      0.49446087      0.64606421       2.1933696       1.8793384       13.828583       145.78736      -9.1476427       -4.7532389                   -4.3944038       159.06493             159.06493
              1       70.293185       3.0881098      0.96998456       1.0400655     0.022476364      0.12456527     0.077259593      0.99647542      0.99962557   2.1935576e-09       65.608167      0.34310338       0.1476865      0.65681267      0.24592796      0.24725989       2.4299371       9.9557054      0.84427171       1.0423253      0.49453238      0.64615764       2.1935576       1.8794995       13.828583       145.78736      -8.9532963       -4.7532389                   -4.2000574       158.49296             158.49296
              7       70.114604       3.0868006      0.96950283       1.0400655     0.022476364      0.12456527     0.077259593      0.99647542      0.99962557   2.1906877e-09       65.608167      0.34310338       0.1476865      0.65681267      0.24592796      0.24725989       2.4299371       9.9557054       0.8435679       1.0414564      0.49412012      0.64561898       2.1906877       1.8770405       13.828583       145.78736      -8.9532963       -4.7532389                   -4.2000574        158.1358              158.1358
              1       70.853391       3.0890586      0.97118662       1.0410277     0.022585591      0.12526833     0.076369427      0.99647542      0.99962557   2.1956398e-09       65.784996      0.34313832      0.14849879      0.65677818      0.24597479      0.24730688       2.4106648       9.8592054      0.84785333       1.0453394      0.49665561      0.64891533       2.1956398       1.8846359       13.791036       145.48889      -9.0000379       -4.7999805                   -4.2000574       159.70686             159.70686
              1       70.382642        3.088536      0.97024927       1.0410277     0.022585591      0.12526833     0.076369427      0.99647542      0.99962557   2.1944927e-09       65.784996      0.34313832      0.14849879      0.65677818      0.24597479      0.24730688       2.4106648       9.8592054      0.84733453       1.0446997       0.4963517      0.64851826       2.1944927       1.8836512       13.791036       145.48889      -9.0000379       -4.7999805                   -4.2000574       158.76536             158.76536
             12       71.524149       3.0742917      0.96997542       1.0413804     0.022494151      0.12306617     0.073479213      0.99504851      0.99894649   2.1634553e-09       66.563796      0.32997924      0.14620519       0.6699392      0.24593559      0.24726754       2.4267833       9.5728392      0.83503849       1.0234991        0.479678      0.63288988       2.1634553       1.8677756       13.782164       146.15353      -8.4555986       -4.9274624                   -3.5281362        159.9595              159.9595
             28        70.85523       3.0788189      0.97021856       1.0413059     0.022516448      0.12346268     0.074950361      0.99498865      0.99927698   2.1732719e-09       66.423428      0.33232458      0.14662399      0.66759351      0.24594516      0.24727714       2.4228383       9.7109685      0.83811156       1.0283506       0.4831512      0.63634472       2.1732719       1.8707382       13.783556       146.02678      -8.3622157       -4.8672121                   -3.4950036       158.43489             158.43489
              8       70.247332       3.0785601      0.97009519        1.041237     0.022508911      0.12341576     0.074958747       0.9950557       1.0007649   2.1727094e-09       66.410041      0.33233511      0.14656954      0.66758294      0.24594192       0.2472739       2.4241707       9.7127534      0.83777339       1.0280392      0.48296391      0.63609301       2.1727094       1.8702226       13.786209       146.04716      -8.3989297       -4.8668411                   -3.5320887       157.29252             157.29252
             15       70.923789       3.0813447      0.96559049        1.041237     0.022508911      0.12341576     0.074958747       0.9950557       1.0007649    2.178768e-09       66.410041      0.33233511      0.14656954      0.66758294      0.24594192       0.2472739       2.4241707       9.7127534      0.83752232       1.0277311      0.48281917      0.63590237        2.178768       1.8754378       13.786209       146.04716      -8.3989297       -4.8668411                   -3.5320887       158.64544             158.64544
              4       72.271092       3.0796245      0.96393617        1.041237     0.022508911      0.12341576     0.074958747       0.9950557       1.0007649   2.1750234e-09       66.410041      0.33233511      0.14656954      0.66758294      0.24594192       0.2472739       2.4241707       9.7127534      0.83628333       1.0262108      0.48210491      0.63496165       2.1750234       1.8722145       13.786209       146.04716      -8.3989297       -4.8668411                   -3.5320887       161.34004             161.34004
              2       72.449058       3.0799679      0.96312403        1.041237     0.022508911      0.12341576     0.074958747      0.99362656       1.0015123   2.1757704e-09       66.410041      0.33233511      0.14656954      0.66758294      0.24594192       0.2472739       2.4241707       9.7127534      0.83617239       1.0260746      0.48204096      0.63487742       2.1757704       1.8728575       13.786209       146.04716      -7.5003349       -4.8668411                   -2.6334938       159.89879             159.89879
             18       72.790928       3.0839341      0.96384385        1.041237     0.022508911      0.12341576     0.074958747      0.99460537       1.0053235   2.1844171e-09       66.410041      0.33233511      0.14656954      0.66758294      0.24594192       0.2472739       2.4241707       9.7127534      0.83805828       1.0283888      0.48312814      0.63630931       2.1844171       1.8803003       13.786209       146.04716      -8.1402635       -4.8668411                   -3.2734224       161.86238             161.86238
              7       72.425182       3.0962711       0.9636461       1.0408854     0.022455189      0.12314702     0.081878334      0.99460537       1.0053235   2.2115332e-09       66.339136      0.33231317      0.14624707      0.66760471      0.24591888      0.24725078       2.4336996       10.352307      0.84216685       1.0339826      0.48548064      0.63941825       2.2115332        1.877478       13.801193       146.17548      -7.7275935       -4.4541711                   -3.2734224       160.30555             160.30555
              7       72.943544        3.100558      0.96190397       1.0408854     0.022455189      0.12314702     0.081878334      0.99460537       1.0053235   2.2210342e-09       66.339136      0.33231317      0.14624707      0.66760471      0.24591888      0.24725078       2.4336996       10.352307      0.84342429       1.0355265      0.48620552      0.64037297       2.2210342       1.8855438       13.801193       146.17548      -7.7275935       -4.4541711                   -3.2734224       161.34227             161.34227
              2       72.847329         3.10107       0.9619828       1.0408497     0.022457966      0.12312786     0.082165583      0.99460537       1.0053235   2.2221715e-09       66.336008      0.33230731       0.1462307      0.66761057      0.24592007      0.24725197       2.4332057       10.376795       0.8435547        1.035711       0.4862764      0.64046916       2.2221715       1.8854259       13.801912       146.17733      -7.7058622       -4.4324397                   -3.2734224       161.10638             161.10638
