#        weight    minuslogpost            logA              ns    theta_MC_100           ombh2           omch2             tau           A_act           P_act              As              H0          omegam        omegamh2        omega_de             YHe             Y_p           DHBBN            zrei          sigma8            s8h5      s8omegamp5     s8omegamp25               A           clamp             age           rdrag   minuslogprior minuslogprior__0 minuslogprior__cal_dip_prior            chi2 chi2__act_dr6_cmbonly
              1       1542.5626       3.0525351      0.96227953       1.0411313     0.022443279      0.12758599     0.063986677       1.0682223      0.98190413   2.1168941e-09       64.942472      0.35725726      0.15067413      0.64265705      0.24591378      0.24724565       2.4358198       8.7643772      0.83731101       1.0390164      0.50046918      0.64733945       2.1168941       1.8626061       13.809618       145.05656       248.59602       -5.0849518                    253.68097       2587.9331             2587.9331
              1       1097.3584       3.0658034      0.96310635       1.0411246     0.022481946      0.12815506     0.069389897       1.0552445      0.98453328   2.1451689e-09       64.788917      0.36040056      0.15128188      0.63951334      0.24593036      0.24726229       2.4289466       9.2896032      0.84464611       1.0493598      0.50706953      0.65444199       2.1451689       1.8671972       13.807551       144.87202       159.61835       -5.0444087                    164.66276       1875.4801             1875.4801
              4       863.40174       3.0733993      0.97919081       1.0411246     0.022481946      0.12815506     0.069389897        1.050456       1.0129572   2.1615256e-09       64.788917      0.36040056      0.15128188      0.63951334      0.24593036      0.24726229       2.4289466       9.2896032      0.85293667       1.0596597      0.51204663      0.66086561       2.1615256       1.8814344       13.807551       144.87202       131.49921       -5.0444087                    136.54362       1463.8051             1463.8051
              3       607.60586       3.0876264      0.99926501       1.0410845     0.023777946      0.13165227     0.064862417        1.044845       1.0203344   2.1924975e-09       64.765284      0.37209089      0.15607509      0.62782296      0.24646633      0.24780021       2.2142382       8.5938957      0.87104462       1.0823538      0.53133071      0.68030343       2.1924975       1.9257518       13.686153       142.64451       101.74892       -5.0871915                    106.83612       1011.7139             1011.7139
              3       474.22176       3.0942942       1.0004152       1.0410845     0.023777946      0.13165227     0.064862417       1.0428209       1.0109097   2.2071655e-09       64.765284      0.37209089      0.15607509      0.62782296      0.24646633      0.24780021       2.2142382       8.5938957      0.87433468       1.0864421      0.53333763      0.68287303       2.2071655       1.9386353       13.686153       142.64451        91.89092       -5.0871915                    96.978112       764.66168             764.66168
              5       280.89072       3.0970006       1.0065425       1.0410845     0.023777946      0.13165227     0.064862417       1.0304356       1.0005536   2.2131471e-09       64.765284      0.37209089      0.15607509      0.62782296      0.24646633      0.24780021       2.2142382       8.5938957      0.87755894       1.0904485       0.5353044      0.68539124       2.2131471       1.9438892       13.686153       142.64451        41.48518       -5.0871915                    46.572371       478.81109             478.81109
              1       218.87403       3.0857824      0.99761305       1.0386309     0.023354331      0.13201555     0.061221172       1.0272447      0.98445256   2.1884582e-09       63.481178      0.38714683      0.15601475       0.6127635      0.24629502      0.24762828       2.2812189       8.3417864      0.86894393       1.0906095      0.54066668      0.68542617       2.1884582       1.9362535       13.803319       142.99635        31.29173       -5.0555013                    36.347231        375.1646              375.1646
              1       98.884437       3.0333906      0.98453407       1.0399519     0.022641759      0.13037923     0.040721855       1.0127617      0.98919389   2.0767527e-09       63.828506      0.37717944      0.15366585      0.62273186      0.24599878      0.24733097       2.4008409       6.3069911      0.84198609       1.0538956      0.51710522      0.65984498       2.0767527       1.9143187       13.832472        144.1475      0.38029379       -3.7773929                    4.1576866       197.00829             197.00829
              5       102.43155       3.0291153      0.98378204       1.0399519     0.022641759      0.13037923     0.040721855       1.0127617      0.98919389   2.0678931e-09       63.828506      0.37717944      0.15366585      0.62273186      0.24599878      0.24733097       2.4008409       6.3069911      0.83995452       1.0513527      0.51585754      0.65825289       2.0678931        1.906152       13.832472        144.1475      0.38029379       -3.7773929                    4.1576866       204.10251             204.10251
             12       102.72558       3.0296045      0.98460474       1.0399519     0.022641759      0.13037923     0.040721855       1.0119439      0.98501668   2.0689049e-09       63.828506      0.37717944      0.15366585      0.62273186      0.24599878      0.24733097       2.4008409       6.3069911      0.84041567       1.0519299      0.51614075      0.65861428       2.0689049       1.9070847       13.832472        144.1475     -0.74219955       -3.7773929                    3.0351933       206.93557             206.93557
              6       102.69068       3.0300271      0.98520561       1.0399519     0.022641759      0.13037923     0.040721855       1.0119439      0.98501668   2.0697794e-09       63.828506      0.37717944      0.15366585      0.62273186      0.24599878      0.24733097       2.4008409       6.3069911      0.84078014       1.0523861      0.51636459      0.65889991       2.0697794       1.9078907       13.832472        144.1475     -0.74219955       -3.7773929                    3.0351933       206.86576             206.86576
              4        97.32125        3.032532      0.97187717       1.0399519     0.022641759      0.13037923     0.040721855       1.0109435      0.98577619   2.0749704e-09       63.828506      0.37717944      0.15366585      0.62273186      0.24599878      0.24733097       2.4008409       6.3069911      0.83770666       1.0485391      0.51447701      0.65649129       2.0749704       1.9126758       13.832472        144.1475      -2.0142953       -3.7773929                    1.7630976       198.67109             198.67109
              6       93.845121       3.0573252      0.96728787       1.0402142     0.022505576      0.13447352     0.046239005       1.0107123      0.99077757   2.1270586e-09       62.540455      0.40299548      0.15762396      0.59691213      0.24594049      0.24727246       2.4247607       7.0057229      0.85829517       1.0853159      0.54486229      0.68385135       2.1270586       1.9391739        13.84795       143.29306      -2.8201156       -4.3050671                    1.4849515       193.33047             193.33047
              1        90.54137       3.0582544      0.96632523       1.0402142     0.022505576      0.13447352     0.046239005        1.007657      0.98781855    2.129036e-09       62.540455      0.40299548      0.15762396      0.59691213      0.24594049      0.24727246       2.4247607       7.0057229      0.85839465       1.0854417      0.54492545      0.68393062        2.129036       1.9409766        13.84795       143.29306      -5.9380452       -4.3050671                    -1.632978       192.95883             192.95883
              1       85.989645       3.0488794      0.96487619       1.0396575     0.022332565       0.1319571     0.046947538       1.0075505      0.99237464   2.1091696e-09       62.983394      0.39056751      0.15493453      0.60934139      0.24586647      0.24719817       2.4556641       7.0850594      0.84733538        1.067683      0.52954564      0.66985279       2.1091696       1.9201422       13.876809       144.08949      -6.0859855       -4.3630305                   -1.7229549       184.15126             184.15126
              4       85.818901       3.0416521       0.9677296       1.0394329     0.022465823      0.13082966     0.044880328       1.0075505      0.99237464   2.0939809e-09       63.370603      0.38333351      0.15394035       0.6165765      0.24592344      0.24725535       2.4318091        6.813374      0.84144997       1.0570229      0.52097477      0.66209833       2.0939809       1.9142126       13.867182       144.22428      -5.9106303       -4.1876753                   -1.7229549       183.45906             183.45906
              1        85.77816       3.0404395      0.96746537       1.0394452     0.022456471      0.13088384     0.044219252       1.0075505      0.99237464   2.0914433e-09       63.349936      0.38369537      0.15398518      0.61621458      0.24591943      0.24725133       2.4334717       6.7423429      0.84105093       1.0566939      0.52097343      0.66194047       2.0914433       1.9144223       13.867906       144.22097      -5.8505452       -4.1275903                   -1.7229549       183.25741             183.25741
              3        83.35386       3.0438261      0.96742737       1.0394452     0.022456471      0.13088384     0.044219252       1.0075505      0.99237464   2.0985383e-09       63.349936      0.38369537      0.15398518      0.61621458      0.24591943      0.24725133       2.4334717       6.7423429      0.84246464       1.0584701      0.52184913      0.66305312       2.0985383       1.9209167       13.867906       144.22097      -5.8505452       -4.1275903                   -1.7229549       178.40881             178.40881
              5       79.782268       3.0482426       0.9713454       1.0406844     0.022583953      0.12958238     0.047776851       1.0075505      0.99237464   2.1078269e-09       64.273029      0.36991136       0.1528112      0.63000116      0.24597409      0.24730618       2.4109522       7.0927855      0.84301028       1.0515223       0.5127217      0.65744176       2.1078269       1.9157397       13.814312       144.40642      -6.1509955       -4.4280406                   -1.7229549       171.86653             171.86653
             11       78.467608       3.0640855      0.96265763       1.0406844     0.022583953      0.12958238     0.047776851        1.007262      0.99311943   2.1414869e-09       64.273029      0.36991136       0.1528112      0.63000116      0.24597409      0.24730618       2.4109522       7.0927855      0.84699884       1.0564974      0.51514756      0.66055234       2.1414869       1.9463323       13.814312       144.40642      -6.3884201       -4.4280406                   -1.9603795       169.71206             169.71206
              6       76.939199       3.0620147      0.96095901       1.0406844     0.022583953      0.12958238     0.047776851        1.007262      0.99311943   2.1370568e-09       64.273029      0.36991136       0.1528112      0.63000116      0.24597409      0.24730618       2.4109522       7.0927855      0.84559433       1.0547455      0.51429333      0.65945699       2.1370568       1.9423059       13.814312       144.40642      -6.3884201       -4.4280406                   -1.9603795       166.65524             166.65524
             11       77.584384       3.0596315      0.96616078       1.0406844     0.022583953      0.12958238     0.047776851        1.007262      0.99311943   2.1319699e-09       64.273029      0.36991136       0.1528112      0.63000116      0.24597409      0.24730618       2.4109522       7.0927855      0.84620478       1.0555069      0.51466461      0.65993307       2.1319699       1.9376826       13.814312       144.40642      -6.3884201       -4.4280406                   -1.9603795       167.94561             167.94561
              6       76.542795       3.0451691      0.96997678       1.0402455     0.022752948      0.12756828      0.04361585        1.007262      0.99311943   2.1013584e-09       64.913182      0.35827262      0.15096609      0.64164161      0.24604591      0.24737826       2.3815664       6.5769616      0.83444873       1.0356982      0.49946662      0.64558445       2.1013584       1.9258209       13.804596       144.72734      -6.0314312       -4.0710517                   -1.9603795       165.14845             165.14845
              5        74.78178       3.0707544      0.97443029        1.039895     0.022773249      0.12414471     0.062363619       1.0048166       1.0007031   2.1558161e-09        65.93827      0.33939221      0.14756283      0.66052468      0.24605444      0.24738683       2.3780724       8.4606429      0.83572626       1.0291893      0.48687221      0.63788078       2.1558161         1.90302       13.802102       145.57187      -8.6731431        -5.071788                    -3.601355       166.90985             166.90985
              1       75.195541       3.0761168       0.9718172        1.039895     0.022773249      0.12414471     0.062363619       1.0064509      0.99531451   2.1674074e-09        65.93827      0.33939221      0.14756283      0.66052468      0.24605444      0.24738683       2.3780724       8.4606429      0.83715044       1.0309432      0.48770189       0.6389678       2.1674074       1.9132521       13.802102       145.57187      -7.6501189        -5.071788                   -2.5783308       165.69132             165.69132
             10       74.751017       3.0565104      0.97356995       1.0406726     0.022836306       0.1225334     0.054993719       1.0083392      0.99966384   2.1253263e-09       66.793322      0.32728803      0.14601458      0.67263096      0.24608077      0.24741325       2.3672705       7.6897446      0.82498365       1.0094361      0.47196566      0.62399035       2.1253263       1.9039638       13.766734       145.91716      -5.8914708       -4.8647321                   -1.0267387       161.28498             161.28498
             10       74.352288       3.0593012      0.97288598       1.0406726     0.022836306       0.1225334     0.054993719       1.0085203      0.99485577   2.1312658e-09       66.793322      0.32728803      0.14601458      0.67263096      0.24608077      0.24741325       2.3672705       7.6897446      0.82592209       1.0105843      0.47250254      0.62470016       2.1312658       1.9092847       13.766734       145.91716      -5.7218544       -4.8647321                  -0.85712224       160.14828             160.14828
              6        74.97368       3.0579404      0.97102075       1.0406726     0.022836306       0.1225334     0.054993719       1.0079724      0.99344079   2.1283677e-09       66.793322      0.32728803      0.14601458      0.67263096      0.24608077      0.24741325       2.3672705       7.6897446      0.82477912       1.0091858      0.47184866      0.62383565       2.1283677       1.9066883       13.766734       145.91716      -6.2238922       -4.8647321                   -1.3591601       162.39515             162.39515
              8       74.683552       3.0589296      0.97152696       1.0406726     0.022836306       0.1225334     0.054993719       1.0079724      0.99344079   2.1304741e-09       66.793322      0.32728803      0.14601458      0.67263096      0.24608077      0.24741325       2.3672705       7.6897446      0.82534487       1.0098781      0.47217232      0.62426357       2.1304741       1.9085754       13.766734       145.91716      -6.2238922       -4.8647321                   -1.3591601       161.81489             161.81489
              4       75.263605       3.0670021      0.97213549       1.0405159     0.022882977      0.12316772     0.057724362       1.0079724      0.99344079   2.1477419e-09        66.56493      0.33107471      0.14669556      0.66884373      0.24610011      0.24743266       2.3593242        7.962855      0.83056816       1.0180112      0.47790138      0.63002355       2.1477419       1.9135656       13.768985       145.70314      -6.3287606       -4.9696005                   -1.3591601       163.18473             163.18473
              2       74.346068       3.0649033       0.9702313       1.0405159     0.022882977      0.12316772     0.057724362       1.0080944      0.99544024    2.143239e-09        66.56493      0.33107471      0.14669556      0.66884373      0.24610011      0.24743266       2.3593242        7.962855      0.82910197       1.0162141      0.47705774      0.62891137        2.143239       1.9095536       13.768985       145.70314      -6.2198505       -4.9696005                     -1.25025       161.13184             161.13184
              4       74.424361       3.0645861      0.96975758       1.0404048     0.022855367      0.12310653     0.057826286       1.0080944      0.99544024   2.1425592e-09       66.525462      0.33126703      0.14660677      0.66865131      0.24608868      0.24742119       2.3640203       7.9780292      0.82862431       1.0159299      0.47692137      0.62864031       2.1425592       1.9085588        13.77488       145.74885      -6.2231232       -4.9728732                     -1.25025       161.29497             161.29497
              8       75.470165        3.065496      0.96517752       1.0404048     0.022855367      0.12310653     0.057826286       1.0080944      0.99544024   2.1445096e-09       66.525462      0.33126703      0.14660677      0.66865131      0.24608868      0.24742119       2.3640203       7.9780292      0.82757594       1.0146445      0.47631797      0.62784496       2.1445096       1.9102962        13.77488       145.74885      -6.2231232       -4.9728732                     -1.25025       163.38658             163.38658
              1       74.210015       3.0695997      0.97190818       1.0404048     0.022855367      0.12310653     0.057826286       1.0080944      0.99544024   2.1533282e-09       66.525462      0.33126703      0.14660677      0.66865131      0.24608868      0.24742119       2.3640203       7.9780292       0.8313769       1.0193046      0.47850564      0.63072857       2.1533282       1.9181517        13.77488       145.74885      -6.2231232       -4.9728732                     -1.25025       160.86628             160.86628
              4       74.699118       3.0633712      0.97295637       1.0404048     0.022855367      0.12310653     0.057826286       1.0080944      0.99544024   2.1399578e-09       66.525462      0.33126703      0.14660677      0.66865131      0.24608868      0.24742119       2.3640203       7.9780292      0.82911915       1.0165366      0.47720618      0.62901573       2.1399578       1.9062416        13.77488       145.74885      -6.2231232       -4.9728732                     -1.25025       161.84448             161.84448
             13       72.969622       3.0847998      0.97506226        1.040421     0.022861398      0.12201093     0.070341357       1.0067854       0.9988099    2.186309e-09        66.90829      0.32505321       0.1455172      0.67486606      0.24609118       0.2474237       2.3629932       9.1604503      0.83512351       1.0209647      0.47613263      0.63057874        2.186309       1.8993885       13.769763       146.02482      -7.3561552       -5.0238334                   -2.3323218       160.65156             160.65156
              7       71.505544       3.0899131      0.96736969        1.040421     0.022861398      0.12201093     0.070341357       1.0067854       0.9988099   2.1975167e-09        66.90829      0.32505321       0.1455172      0.67486606      0.24609118       0.2474237       2.3629932       9.1604503      0.83483242       1.0206089      0.47596667      0.63035895       2.1975167       1.9091254       13.769763       146.02482      -7.3561552       -5.0238334                   -2.3323218        157.7234              157.7234
             12        72.44161       3.0893998      0.97427614        1.040421     0.022861398      0.12201093     0.070341357       1.0067854       0.9988099    2.196389e-09        66.90829      0.32505321       0.1455172      0.67486606      0.24609118       0.2474237       2.3629932       9.1604503      0.83679754       1.0230113      0.47708705      0.63184276        2.196389       1.9081457       13.769763       146.02482      -7.3561552       -5.0238334                   -2.3323218       159.59553             159.59553
              4       71.750481       3.0880863      0.97398773       1.0404336     0.022837777      0.12180153     0.070155761       1.0067854       0.9988099    2.193506e-09       66.964461      0.32398847      0.14528418      0.67593094      0.24608138      0.24741386       2.3670195       9.1452461      0.83557444       1.0210875      0.47560884      0.63040193        2.193506       1.9063486       13.770988       146.10481      -7.3604846       -5.0281628                   -2.3323218       158.22193             158.22193
              4       72.724054       3.0917437      0.97265016       1.0403419     0.022822621      0.12322454     0.069542849       1.0067854       0.9988099   2.2015434e-09       66.437291      0.33234005      0.14669203      0.66757808      0.24607508      0.24740754       2.3696083       9.1189852      0.84130835       1.0321653      0.48500536      0.63877935       2.2015434       1.9156806         13.7805        145.7541      -7.3736944       -5.0413725                   -2.3323218        160.1955              160.1955
              6       71.926332        3.088751      0.97340407       1.0404504     0.022829688      0.12235982     0.069525936       1.0068502       1.0007095   2.1949645e-09       66.772615       0.3270869      0.14583438      0.67283205      0.24607802      0.24741049       2.3684007       9.0992563       0.8375591       1.0249821      0.47901271      0.63340465       2.1949645       1.9100206       13.773397       145.96918      -7.3249741       -5.0417134                   -2.2832608       158.50261             158.50261
              2       73.527454       3.0894437      0.97366805       1.0404205     0.022828778      0.12206446     0.070404532       1.0072499       1.0030606   2.1964855e-09        66.86263      0.32554407       0.1455381      0.67437509      0.24607764      0.24741011       2.3685561       9.1758116      0.83693369        1.023527      0.47752482        0.632184       2.1964855       1.9079885        13.77328       146.04654      -6.9924986       -5.0223248                   -1.9701738       161.03991             161.03991
              2       73.094791       3.0890364      0.97301018       1.0412046     0.022777883      0.12205897     0.070172259       1.0072499       1.0030606   2.1955911e-09       67.084384      0.32327011      0.14548172      0.67664958      0.24605639      0.24738878       2.3772761       9.1686938      0.83753746       1.0225711       0.4761974      0.63153239       2.1955911       1.9080977       13.755012       146.10353       -6.997958       -5.0277841                   -1.9701738        160.1855              160.1855
              2       73.137495       3.0895328      0.97332731       1.0412046     0.022777883      0.12205897     0.070172259       1.0040746       1.0055254   2.1966813e-09       67.084384      0.32327011      0.14548172      0.67664958      0.24605639      0.24738878       2.3772761       9.1686938      0.83784612        1.022948       0.4763729      0.63176513       2.1966813       1.9090452       13.755012       146.10353      -8.9956372       -5.0277841                   -3.9678531       164.26626             164.26626
             10       72.656238       3.0994634      0.95907046       1.0412046     0.022777883      0.12205897     0.070172259       1.0040746       1.0055254   2.2186042e-09       67.084384      0.32327011      0.14548172      0.67664958      0.24605639      0.24738878       2.3772761       9.1686938      0.83749393        1.022518      0.47617265      0.63149957       2.2186042       1.9280975       13.755012       146.10353      -8.9956372       -5.0277841                   -3.9678531       163.30375             163.30375
              5       72.276027       3.0988358        0.959769       1.0412046     0.022777883      0.12205897     0.070172259       1.0039766       1.0050737   2.2172124e-09       67.084384      0.32327011      0.14548172      0.67664958      0.24605639      0.24738878       2.3772761       9.1686938      0.83745134        1.022466      0.47614843      0.63146745       2.2172124       1.9268879       13.755012       146.10353      -9.0394495       -5.0277841                   -4.0116654       162.63095             162.63095
              1       71.942598       3.0924328      0.96900032       1.0412046     0.022777883      0.12205897     0.070172259       1.0039766       1.0050737   2.2030608e-09       67.084384      0.32327011      0.14548172      0.67664958      0.24605639      0.24738878       2.3772761       9.1686938      0.83768782       1.0227547      0.47628289      0.63164576       2.2030608       1.9145894       13.755012       146.10353      -9.0394495       -5.0277841                   -4.0116654        161.9641              161.9641
             11       69.499825       3.0880835       0.9643164       1.0412046     0.022777883      0.12205897     0.070172259       1.0036193       1.0004833      2.1935e-09       67.084384      0.32327011      0.14548172      0.67664958      0.24605639      0.24738878       2.3772761       9.1686938      0.83439009       1.0187284       0.4744079      0.62915916          2.1935       1.9062804       13.755012       146.10353        -9.19026       -5.0277841                   -4.1624759       157.38017             157.38017
             16       69.751692       3.0878675      0.96366328       1.0412046     0.022777883      0.12205897     0.070172259       1.0036193       1.0004833   2.1930263e-09       67.084384      0.32327011      0.14548172      0.67664958      0.24605639      0.24738878       2.3772761       9.1686938       0.8340944       1.0183674      0.47423979      0.62893621       2.1930263       1.9058687       13.755012       146.10353        -9.19026       -5.0277841                   -4.1624759        157.8839              157.8839
              5       69.866598       3.0900555      0.96184635       1.0412046     0.022777883      0.12205897     0.070172259       1.0036193       1.0004833   2.1978297e-09       67.084384      0.32327011      0.14548172      0.67664958      0.24605639      0.24738878       2.3772761       9.1686938      0.83443551       1.0187839      0.47443373      0.62919341       2.1978297       1.9100432       13.755012       146.10353        -9.19026       -5.0277841                   -4.1624759       158.11372             158.11372
             12       69.559182       3.0896804      0.96183684       1.0411612     0.022757895      0.12163282     0.070837363       1.0032238       1.0001873   2.1970056e-09       67.199317       0.3211773      0.14503558      0.67874267      0.24604799      0.24738035       2.3807143       9.2275533      0.83290102       1.0160404      0.47202589      0.62701742       2.1970056       1.9067889       13.756711       146.23593      -9.3243493       -5.0115118                   -4.3128375       157.76706             157.76706
             11       73.637782       3.0832501      0.95644568       1.0411612     0.022757895      0.12163282     0.070837363      0.99589721       1.0075756   2.1829234e-09       67.199317       0.3211773      0.14503558      0.67874267      0.24604799      0.24738035       2.3807143       9.2275533      0.82854357       1.0107248      0.46955641      0.62373708       2.1829234       1.8945669       13.756711       146.23593      -8.9665553       -5.0115118                   -3.9550435       165.20867             165.20867
             13       72.785608       3.0753852      0.96897946       1.0411612     0.022757895      0.12163282     0.070837363      0.99875715       1.0072719   2.1658224e-09       67.199317       0.3211773      0.14503558      0.67874267      0.24604799      0.24738035       2.3807143       9.2275533      0.82920393       1.0115304      0.46993065      0.62423421       2.1658224       1.8797249       13.756711       146.23593      -9.8159002       -5.0115118                   -4.8043884       165.20302             165.20302
             10       72.630244       3.0757942      0.96872398       1.0411612     0.022757895      0.12163282     0.070837363      0.99875715       1.0072719   2.1667083e-09       67.199317       0.3211773      0.14503558      0.67874267      0.24604799      0.24738035       2.3807143       9.2275533      0.82929329       1.0116394       0.4699813      0.62430148       2.1667083       1.8804938       13.756711       146.23593      -9.8159002       -5.0115118                   -4.8043884       164.89229             164.89229
              1       71.905671       3.0791656      0.96629087       1.0401266     0.022659279      0.12230619     0.072059608       0.9990869       1.0053672   2.1740256e-09       66.541064      0.32886125      0.14561033      0.67105713      0.24600625      0.24733846       2.3977884       9.3786386      0.83151788        1.019358      0.47684578      0.62968706       2.1740256       1.8822377       13.800135       146.16921      -9.8203668       -4.9764823                   -4.8438844       163.45208             163.45208
             13       71.392676        3.079554      0.97150847       1.0401266     0.022659279      0.12230619     0.072059608       0.9990869       1.0053672     2.17487e-09       66.541064      0.32886125      0.14561033      0.67105713      0.24600625      0.24733846       2.3977884       9.3786386      0.83331015       1.0215551      0.47787358       0.6310443         2.17487       1.8829688       13.800135       146.16921      -9.8203668       -4.9764823                   -4.8438844       162.42608             162.42608
             13       71.546216       3.0783135      0.96981783       1.0401266     0.022659279      0.12230619     0.072059608       0.9990869       1.0053672   2.1721739e-09       66.541064      0.32886125      0.14561033      0.67105713      0.24600625      0.24733846       2.3977884       9.3786386      0.83226452       1.0202733      0.47727395      0.63025247       2.1721739       1.8806345       13.800135       146.16921      -9.8203668       -4.9764823                   -4.8438844       162.73317             162.73317
             14       71.383709       3.0791361      0.96862503       1.0401266     0.022659279      0.12230619     0.072059608       0.9990869       1.0053672   2.1739612e-09       66.541064      0.32886125      0.14561033      0.67105713      0.24600625      0.24733846       2.3977884       9.3786386      0.83223402       1.0202359      0.47725646      0.63022937       2.1739612        1.882182       13.800135       146.16921      -9.8203668       -4.9764823                   -4.8438844       162.40815             162.40815
              3       70.714842       3.0769721      0.96939472       1.0404429      0.02271799      0.12257836     0.070160647      0.99648941       1.0047827   2.1692619e-09       66.602754      0.32899825      0.14594122      0.67092028      0.24603116      0.24736346       2.3876012       9.1918407      0.83253891       1.0201369      0.47753074      0.63052591       2.1692619       1.8852599       13.785735       146.03459      -9.2335736       -5.0280508                   -4.2055228       159.89683             159.89683
              2        67.05779       3.0671863      0.96604701       1.0406234     0.022552246      0.12264412     0.065832422      0.99871237      0.99944229   2.1481375e-09       66.502881      0.32976109      0.14584123       0.6701572      0.24596051      0.24729255       2.4165245       8.8254754      0.82850183       1.0159521      0.47576575      0.62783182       2.1481375        1.883132       13.797366       146.19898       -9.883788       -5.0856938                   -4.7980943       153.88316             153.88316
              3       66.471462       3.0650161      0.97342046       1.0406234     0.022552246      0.12264412     0.065832422      0.99871237      0.99944229   2.1434807e-09       66.502881      0.32976109      0.14584123       0.6701572      0.24596051      0.24729255       2.4165245       8.8254754      0.82989958       1.0176661       0.4765684      0.62889102       2.1434807       1.8790497       13.797366       146.19898       -9.883788       -5.0856938                   -4.7980943        152.7105              152.7105
              3       66.777786       3.0644125      0.97194061       1.0404592     0.022514936      0.12352017     0.064192855      0.99871237      0.99944229   2.1421874e-09       66.120889      0.33550072      0.14667997      0.66441662      0.24594451      0.24727649       2.4231055       8.6921461      0.83195478        1.023129      0.48188837      0.63317401       2.1421874        1.884084       13.809231       146.01364      -9.8838801       -5.0857859                   -4.7980943       153.32333             153.32333
              7       67.188976       3.0586658      0.97474347       1.0404592     0.022514936      0.12352017     0.064192855      0.99871237      0.99944229   2.1299122e-09       66.120889      0.33550072      0.14667997      0.66441662      0.24594451      0.24727649       2.4231055       8.6921461      0.83044039       1.0212666       0.4810112      0.63202146       2.1299122       1.8732877       13.809231       146.01364      -9.8838801       -5.0857859                   -4.7980943       154.14571             154.14571
              1       67.841642       3.0575349      0.97320321       1.0404592     0.022514936      0.12352017     0.064192855      0.99871237      0.99944229   2.1275048e-09       66.120889      0.33550072      0.14667997      0.66441662      0.24594451      0.24727649       2.4231055       8.6921461      0.82949136       1.0200995       0.4804615      0.63129919       2.1275048       1.8711704       13.809231       146.01364      -9.8838801       -5.0857859                   -4.7980943       155.45104             155.45104
              2       66.614726       3.0627545      0.97044476       1.0404592     0.022514936      0.12352017     0.064192855      0.99871237      0.99944229   2.1386386e-09       66.120889      0.33550072      0.14667997      0.66441662      0.24594451      0.24727649       2.4231055       8.6921461      0.83079959       1.0217083      0.48121926      0.63229484       2.1386386       1.8809627       13.809231       146.01364      -9.8838801       -5.0857859                   -4.7980943       152.99721             152.99721
              1       66.960022       3.0601141      0.97086628       1.0403901     0.022573289      0.12402654     0.061769478      0.99858729       1.0005605   2.1329991e-09       65.976268      0.33827053      0.14724469      0.66164645      0.24596952       0.2473016       2.4128242       8.4497131      0.83111846       1.0232201      0.48338705      0.63383902       2.1329991       1.8851173       13.807162       145.81969      -9.8433708       -5.0640419                   -4.7793289       153.60679             153.60679
             10       68.374711       3.0546801      0.96745605       1.0405604     0.022446155      0.12518274     0.057509885        1.001021      0.99685682   2.1214398e-09       65.542274      0.34516065      0.14827376      0.65475523      0.24591501      0.24724689       2.4353077       8.0748769      0.83203622       1.0277358       0.4888244      0.63774572       2.1214398       1.8909423       13.818887        145.6625      -9.7948507       -4.9625629                   -4.8322878       156.33912             156.33912
              7       67.772309       3.0542238      0.96871009       1.0405604     0.022446155      0.12518274     0.057509885       1.0002375       1.0016201    2.120472e-09       65.542274      0.34516065      0.14827376      0.65475523      0.24591501      0.24724689       2.4353077       8.0748769      0.83223483       1.0279811      0.48894108      0.63789795        2.120472       1.8900796       13.818887        145.6625      -9.8496343       -4.9625629                   -4.8870715       155.24389             155.24389
              2       69.123228       3.0542486      0.96849557       1.0405604     0.022446155      0.12518274     0.057509885       1.0000503        1.003955   2.1205245e-09       65.542274      0.34516065      0.14827376      0.65475523      0.24591501      0.24724689       2.4353077       8.0748769      0.83217866       1.0279117      0.48890808       0.6378549       2.1205245       1.8901264       13.818887        145.6625      -9.8526268       -4.9625629                   -4.8900639       157.95171             157.95171
              3       71.267736       3.0667626      0.97327457       1.0412071     0.022615245      0.12396994     0.064936739       1.0024408       1.0000525   2.1472275e-09        66.30208      0.33492083      0.14723005      0.66499696      0.24598747      0.24731961        2.405471       8.7486539      0.83515076        1.025655      0.48332133      0.63533155       2.1472275       1.8857092       13.778288       145.78847      -9.6464525       -5.0872247                   -4.5592278       161.82838             161.82838
              2       71.060848       3.0368736      0.97006089        1.040421     0.022538133      0.12417376     0.050354203       1.0024408       1.0000525   2.0839986e-09       65.908069      0.33922893      0.14735676      0.66068788      0.24595446      0.24728648       2.4190107       7.3001354      0.82189776       1.0123915      0.47870089       0.6272505       2.0839986       1.8843446       13.810315       145.82028      -9.1697962       -4.6105683                   -4.5592278       160.46129             160.46129
              9       73.236579       3.0406144      0.96213241        1.040421     0.022538133      0.12417376     0.050354203      0.99924093      0.99192132   2.0918091e-09       65.908069      0.33922893      0.14735676      0.66068788      0.24595446      0.24728648       2.4190107       7.3001354      0.82100476       1.0112916      0.47818078      0.62656899       2.0918091       1.8914068       13.810315       145.82028      -9.4687627       -4.6105683                   -4.8581944       165.41068             165.41068
              7        73.68378        3.043673      0.96405381        1.040421     0.022538133      0.12417376     0.050354203      0.99924093      0.99192132    2.098217e-09       65.908069      0.33922893      0.14735676      0.66068788      0.24595446      0.24728648       2.4190107       7.3001354      0.82284989       1.0135643      0.47925545      0.62797714        2.098217       1.8972008       13.810315       145.82028      -9.4687627       -4.6105683                   -4.8581944       166.30509             166.30509
              1       73.629055       3.0435011      0.96430073        1.040425      0.02254493      0.12401533     0.050519588      0.99924093      0.99192132   2.0978563e-09       65.968087      0.33826352      0.14720513      0.66165344      0.24595737       0.2472894       2.4178128       7.3137674      0.82234388       1.0124802       0.4782787      0.62714398       2.0978563       1.8962473       13.808954       145.85351      -9.4794672       -4.6212728                   -4.8581944       166.21705             166.21705
              6       71.897197        3.036628      0.96842137        1.040425      0.02254493      0.12401533     0.050519588      0.99924093      0.99192132    2.083487e-09       65.968087      0.33826352      0.14720513      0.66165344      0.24595737       0.2472894       2.4178128       7.3137674      0.82078424       1.0105599      0.47737161      0.62595454        2.083487        1.883259       13.808954       145.85351      -9.4794672       -4.6212728                   -4.8581944       162.75333             162.75333
              2       71.834058       3.0353436      0.96932637        1.040425      0.02254493      0.12401533     0.050519588      0.99924093      0.99192132   2.0808125e-09       65.968087      0.33826352      0.14720513      0.66165344      0.24595737       0.2472894       2.4178128       7.3137674      0.82053478       1.0102528      0.47722652       0.6257643       2.0808125       1.8808415       13.808954       145.85351      -9.4794672       -4.6212728                   -4.8581944       162.62705             162.62705
             31        69.40824       3.0372662      0.96945456       1.0403252      0.02255612      0.12416539     0.051191595      0.99999104      0.99469958   2.0848171e-09       65.893958      0.33939639      0.14736637      0.66052039      0.24596217      0.24729421       2.4158426       7.3838213      0.82167748       1.0122286       0.4786907      0.62715976       2.0848171       1.8819302       13.811329       145.80281      -9.5537179       -4.6635179                      -4.8902       157.92392             157.92392
              3       69.411127       3.0369339      0.97208558       1.0403252      0.02255612      0.12416539     0.051191595       1.0009833       1.0007352   2.0841243e-09       65.893958      0.33939639      0.14736637      0.66052039      0.24596217      0.24729421       2.4158426       7.3838213      0.82234943       1.0130563      0.47908216      0.62767264       2.0841243       1.8813048       13.811329       145.80281      -9.5000051       -4.6635179                   -4.8364872       157.82226             157.82226
              3       68.770011       3.0399245      0.97118872       1.0402971     0.022538433      0.12501105      0.05125953       1.0009833       1.0007352   2.0903665e-09       65.588363      0.34449115      0.14819435      0.65542484      0.24595458       0.2472866       2.4189578       7.4071993      0.82592142       1.0198242       0.4847611      0.63275159       2.0903665       1.8866832       13.816837       145.60573      -9.5041641       -4.6676769                   -4.8364872       156.54835             156.54835
              2         67.4236        3.045068      0.96747121       1.0402971     0.022538433      0.12501105      0.05125953       1.0009833       1.0007352    2.101146e-09       65.588363      0.34449115      0.14819435      0.65542484      0.24595458       0.2472866       2.4189578       7.4071993      0.82690211       1.0210352       0.4853367      0.63350292        2.101146       1.8964123       13.816837       145.60573      -9.5041641       -4.6676769                   -4.8364872       153.85553             153.85553
              4        68.38083       3.0496274      0.96555195       1.0404217     0.022518153      0.12713296     0.049809035       1.0009833       1.0007352   2.1107478e-09       64.916799      0.35664256      0.15029598      0.64327168      0.24594589      0.24727788       2.4225371       7.2896244      0.83473098       1.0360196      0.49849765        0.645067       2.1107478       1.9106132       13.821904       145.08975      -9.4109088       -4.5744216                   -4.8364872       155.58348             155.58348
             19       68.459267       3.0504388      0.96503894       1.0404217     0.022518153      0.12713296     0.049809035       1.0009833       1.0007352   2.1124611e-09       64.916799      0.35664256      0.15029598      0.64327168      0.24594589      0.24727788       2.4225371       7.2896244      0.83491129       1.0362434      0.49860533      0.64520634       2.1124611        1.912164       13.821904       145.08975      -9.4109088       -4.5744216                   -4.8364872       155.74035             155.74035
              5        70.32586       3.0458478      0.96585873       1.0404217     0.022518153      0.12713296     0.049809035        1.001048      0.99311438   2.1027851e-09       64.916799      0.35664256      0.15029598      0.64327168      0.24594589      0.24727788       2.4225371       7.2896244      0.83324954        1.034181      0.49761295      0.64392217       2.1027851       1.9034055       13.821904       145.08975      -9.4036083       -4.5744216                   -4.8291867       159.45894             159.45894
             18       71.009751       3.0499287      0.96657776       1.0404217     0.022518153      0.12713296     0.049809035       1.0025646        1.004336    2.111384e-09       64.916799      0.35664256      0.15029598      0.64327168      0.24594589      0.24727788       2.4225371       7.2896244      0.83517364        1.036569      0.49876201      0.64540908        2.111384        1.911189       13.821904       145.08975      -9.0992382       -4.5744216                   -4.5248167       160.21798             160.21798
              6       71.076791       3.0495446      0.96605941       1.0404217     0.022518153      0.12713296     0.049809035       1.0025646        1.004336   2.1105731e-09       64.916799      0.35664256      0.15029598      0.64327168      0.24594589      0.24727788       2.4225371       7.2896244      0.83485313       1.0361712       0.4985706      0.64516139       2.1105731       1.9104551       13.821904       145.08975      -9.0992382       -4.5744216                   -4.5248167       160.35206             160.35206
              8       71.747852       3.0499735       0.9698277       1.0404217     0.022518153      0.12713296     0.049809035       1.0025646        1.004336   2.1114785e-09       64.916799      0.35664256      0.15029598      0.64327168      0.24594589      0.24727788       2.4225371       7.2896244      0.83619819       1.0378406      0.49937387      0.64620084       2.1114785       1.9112746       13.821904       145.08975      -9.0992382       -4.5744216                   -4.5248167       161.69418             161.69418
              6       71.210334       3.0730953      0.97609493       1.0412471     0.022604995      0.12321251     0.067560086       1.0022082       1.0038944   2.1608684e-09        66.56203      0.33057723      0.14646237       0.6693412      0.24598309      0.24731521       2.4072645       8.9890472      0.83635707       1.0251288      0.48087057      0.63417624       2.1608684       1.8877582       13.775457       145.99441      -9.6919779       -5.0726691                   -4.6193088       161.80462             161.80462
              6       71.506957       3.0743875      0.97844161       1.0412471     0.022604995      0.12321251     0.067560086       1.0022082       1.0038944   2.1636626e-09        66.56203      0.33057723      0.14646237       0.6693412      0.24598309      0.24731521       2.4072645       8.9890472      0.83764067       1.0267022      0.48160859      0.63514954       2.1636626       1.8901993       13.775457       145.99441      -9.6919779       -5.0726691                   -4.6193088       162.39787             162.39787
             11       70.017837       3.0671505      0.97669527       1.0412485      0.02249396      0.12260041     0.065521882       1.0032516       1.0005588   2.1480606e-09       66.677835      0.32780345      0.14573924      0.67211526      0.24593551      0.24726746       2.4268171       8.8107246      0.83254765       1.0195731      0.47666785      0.62995928       2.1480606       1.8842345       13.784419       146.27428      -9.3894447       -5.0866284                   -4.3028163       158.81456             158.81456
             23       70.255357       3.0678086      0.97021232       1.0412485      0.02249396      0.12260041     0.065521882       1.0004529      0.99612584   2.1494747e-09       66.677835      0.32780345      0.14573924      0.67211526      0.24593551      0.24726746       2.4268171       8.8107246      0.83078576       1.0174154      0.47565909      0.62862612       2.1494747       1.8854749       13.784419       146.27428      -9.9654381       -5.0866284                   -4.8788097       160.44159             160.44159
              7       70.256607       3.0706077      0.96645454       1.0412485      0.02249396      0.12260041     0.065521882       1.0005439       1.0038872   2.1554998e-09       66.677835      0.32780345      0.14573924      0.67211526      0.24593551      0.24726746       2.4268171       8.8107246      0.83077311       1.0173999      0.47565185      0.62861655       2.1554998         1.89076       13.784419       146.27428      -9.9603968       -5.0866284                   -4.8737684       160.43401             160.43401
             16       70.454845       3.0783095       0.9667604       1.0412485      0.02249396      0.12260041     0.065521882       1.0005439       1.0038872   2.1721652e-09       66.677835      0.32780345      0.14573924      0.67211526      0.24593551      0.24726746       2.4268171       8.8107246      0.83407446       1.0214429      0.47754201      0.63111457       2.1721652       1.9053785       13.784419       146.27428      -9.9603968       -5.0866284                   -4.8737684       160.83048             160.83048
              1       71.566267       3.0931968      0.96528628       1.0407752     0.022352039      0.12214615      0.07443861        1.001237      0.99803185   2.2047446e-09       66.557408      0.32764493      0.14514305      0.67227349      0.24587478      0.24720651       2.4521557       9.6813778      0.83845862       1.0277404      0.47993603      0.63435519       2.2047446       1.8997731       13.811235       146.54855      -9.6944514       -4.8892617                   -4.8051897       162.52144             162.52144
              5       71.829713       3.0910925       0.9641192       1.0407752     0.022352039      0.12214615      0.07443861        1.001237      0.99803185   2.2001101e-09       66.557408      0.32764493      0.14514305      0.67227349      0.24587478      0.24720651       2.4521557       9.6813778      0.83721073       1.0262108      0.47922174      0.63341107       2.2001101       1.8957796       13.811235       146.54855      -9.6944514       -4.8892617                   -4.8051897       163.04833             163.04833
              5       72.493355       3.0953092      0.96255591       1.0405088     0.022314763      0.12335802     0.074624259        1.001237      0.99803185   2.2094068e-09       66.026343      0.33563112      0.14631765      0.66428598      0.24585888      0.24719055       2.4588779       9.7336179      0.84228786       1.0365778      0.48796835      0.64110047       2.2094068       1.9030836       13.827464       146.27519      -9.6865869       -4.8813972                   -4.8051897       164.35988             164.35988
             10       72.411165       3.0953752      0.96270071       1.0405274     0.022317852      0.12326233     0.074807311        1.001237      0.99803185   2.2095528e-09        66.06738      0.33500217      0.14622505      0.66491504      0.24586019      0.24719187       2.4583198       9.7478224      0.84206174       1.0359777      0.48738004      0.64062788       2.2095528       1.9025128       13.826249       146.29653      -9.6786825       -4.8734928                   -4.8051897        164.1797              164.1797
              5       70.851161       3.1025009      0.96659294       1.0411029      0.02249949      0.12299759     0.077860968        1.001237      0.99803185   2.2253536e-09       66.498946      0.33048014      0.14614195      0.66943814      0.24593788      0.24726984       2.4258378       9.9728569      0.84528765       1.0365664      0.48593391      0.64090087       2.2253536       1.9044512       13.789665        146.1654      -9.5248577       -4.7196681                   -4.8051897       160.75204             160.75204
              3       69.769629       3.0993192      0.96797033       1.0411029      0.02249949      0.12299759     0.077860968      0.99997127      0.99940626   2.2182845e-09       66.498946      0.33048014      0.14614195      0.66943814      0.24593788      0.24726984       2.4258378       9.9728569      0.84438075       1.0354543      0.48541256      0.64021326       2.2182845       1.8984015       13.789665        146.1654      -9.6098267       -4.7196681                   -4.8901586       158.75891             158.75891
             49       69.676527        3.098462      0.97378208       1.0411029      0.02249949      0.12299759     0.077860968       1.0010851       1.0025083   2.2163838e-09       66.498946      0.33048014      0.14614195      0.66943814      0.24593788      0.24726984       2.4258378       9.9728569      0.84586704       1.0372769      0.48626699      0.64134017       2.2163838       1.8967749       13.789665        146.1654      -9.5444564       -4.7196681                   -4.8247884       158.44197             158.44197
             12       69.102429       3.0987287      0.97130222       1.0411029      0.02249949      0.12299759     0.077860968       1.0010851       1.0025083   2.2169749e-09       66.498946      0.33048014      0.14614195      0.66943814      0.24593788      0.24726984       2.4258378       9.9728569      0.84518993       1.0364466      0.48587774      0.64082679       2.2169749       1.8972807       13.789665        146.1654      -9.5444564       -4.7196681                   -4.8247884       157.29377             157.29377
             40       68.421156       3.0948168      0.96985654       1.0408926     0.022412148      0.12262678     0.077011646       1.0010851       1.0025083   2.2083192e-09       66.482359      0.32960849      0.14568379      0.67030975      0.24590045      0.24723228       2.4413749       9.9118895      0.84201765       1.0326853       0.4834153      0.63800017       2.2083192       1.8930862       13.803433       146.35738      -9.5914005       -4.7666122                   -4.8247884       156.02511             156.02511
              9       68.120449       3.0910173      0.97436222       1.0408926     0.022412148      0.12262678     0.077011646       1.0010851       1.0025083   2.1999448e-09       66.482359      0.32960849      0.14568379      0.67030975      0.24590045      0.24723228       2.4413749       9.9118895      0.84184526       1.0324738      0.48331633      0.63786955       2.1999448       1.8859072       13.803433       146.35738      -9.5914005       -4.7666122                   -4.8247884        155.4237              155.4237
             10       70.828755       3.0860516      0.97336643       1.0408926     0.022412148      0.12262678     0.077011646       1.0010243      0.99534927   2.1890474e-09       66.482359      0.32960849      0.14568379      0.67030975      0.24590045      0.24723228       2.4413749       9.9118895      0.83944284       1.0295274      0.48193706      0.63604922       2.1890474       1.8765654       13.803433       146.35738       -9.598529       -4.7666122                   -4.8319168       160.85457             160.85457
              3        68.24012        3.087723      0.97477463       1.0408926     0.022412148      0.12262678     0.077011646       1.0006178       1.0017748   2.1927094e-09       66.482359      0.32960849      0.14568379      0.67030975      0.24590045      0.24723228       2.4413749       9.9118895      0.84059033       1.0309347      0.48259585      0.63691868       2.1927094       1.8797047       13.803433       146.35738      -9.6356093       -4.7666122                   -4.8689971       155.75146             155.75146
             27       68.177056       3.0868151      0.97917007       1.0408926     0.022412148      0.12262678     0.077011646       1.0006178       1.0017748   2.1907194e-09       66.482359      0.32960849      0.14568379      0.67030975      0.24590045      0.24723228       2.4413749       9.9118895      0.84160286       1.0321766      0.48317716      0.63768588       2.1907194       1.8779987       13.803433       146.35738      -9.6356093       -4.7666122                   -4.8689971       155.62533             155.62533
             12       71.735074       3.0904141      0.98044013        1.041135     0.022528684      0.12377981     0.076190987       1.0006178       1.0017748    2.198618e-09       66.269856      0.33461658      0.14695336      0.66530113       0.2459504      0.24728241       2.4206775       9.8281406      0.84702648       1.0404925      0.48997138      0.64421948        2.198618       1.8878659       13.788543       145.93183      -9.6779236       -4.8089265                   -4.8689971         162.826               162.826
              2       70.169564       3.0866409       0.9756059        1.041135     0.022528684      0.12377981     0.076190987       1.0006178       1.0017748   2.1903379e-09       66.269856      0.33461658      0.14695336      0.66530113       0.2459504      0.24728241       2.4206775       9.8281406      0.84388985       1.0366395      0.48815697      0.64183387       2.1903379        1.880756       13.788543       145.93183      -9.6779236       -4.8089265                   -4.8689971       159.69498             159.69498
              2       69.231608       3.0909001       0.9726372        1.041135     0.022528684      0.12377981     0.076190987       1.0006178       1.0017748   2.1996867e-09       66.269856      0.33461658      0.14695336      0.66530113       0.2459504      0.24728241       2.4206775       9.8281406      0.84474443       1.0376893      0.48865131      0.64248383       2.1996867       1.8887835       13.788543       145.93183      -9.6779236       -4.8089265                   -4.8689971       157.81906             157.81906
              8       69.153305       3.0929253       0.9721592        1.041135     0.022528684      0.12377981     0.076190987       1.0006178       1.0017748   2.2041462e-09       66.269856      0.33461658      0.14695336      0.66530113       0.2459504      0.24728241       2.4206775       9.8281406       0.8454483       1.0385539      0.48905847      0.64301917       2.2041462       1.8926127       13.788543       145.93183      -9.6779236       -4.8089265                   -4.8689971       157.66246             157.66246
             15       68.204983       3.0750439      0.97164074       1.0404786     0.022472973      0.12201647     0.070900221       1.0006178       1.0017748   2.1650832e-09       66.602931      0.32717748       0.1451343      0.67274106      0.24592651      0.24725843       2.4305391       9.3150505      0.83165207       1.0190488      0.47570024      0.62898099       2.1650832       1.8788471       13.807381       146.44896      -9.8788693       -5.0098723                   -4.8689971        156.1677              156.1677
              5       68.037144       3.0846521      0.96631382       1.0404786     0.022472973      0.12201647     0.070900221       1.0006178       1.0017748   2.1859861e-09       66.602931      0.32717748       0.1451343      0.67274106      0.24592651      0.24725843       2.4305391       9.3150505      0.83398659       1.0219094      0.47703557      0.63074659       2.1859861       1.8969865       13.807381       146.44896      -9.8788693       -5.0098723                   -4.8689971       155.83203             155.83203
              8       67.655387       3.0809013      0.96625859       1.0406555     0.022470506      0.12187967     0.069238581       1.0008099       1.0014559   2.1778021e-09       66.706725      0.32584715      0.14499505      0.67407164      0.24592545      0.24725737       2.4309771       9.1568159      0.83214786       1.0188628      0.47501515      0.62871523       2.1778021       1.8961756       13.801816       146.48729      -9.9010774       -5.0473101                   -4.8537673       155.11293             155.11293
              7       66.979492       3.0822038      0.96908393       1.0408566     0.022598462      0.12131326      0.07028708       1.0008099       1.0014559   2.1806406e-09       67.074706      0.32130711      0.14455659      0.67861256       0.2459803      0.24731241       2.4084085       9.2111727      0.83137168       1.0151164      0.47125438      0.62592934       2.1806406       1.8946697       13.780679       146.49402      -9.8788827       -5.0251154                   -4.8537673       153.71675             153.71675
              1       68.145902       3.0825472      0.97264973       1.0408566     0.022598462      0.12131326      0.07028708       1.0008099       1.0014559   2.1813896e-09       67.074706      0.32130711      0.14455659      0.67861256       0.2459803      0.24731241       2.4084085       9.2111727      0.83263599       1.0166601      0.47197104      0.62688123       2.1813896       1.8953205       13.780679       146.49402      -9.8788827       -5.0251154                   -4.8537673       156.04957             156.04957
              7       69.683539       3.0816653      0.97279921       1.0408226     0.022599757      0.12110378     0.070226448       1.0053075        1.002859   2.1794666e-09       67.136705      0.32025207       0.1443484      0.67966775      0.24598085      0.24731297       2.4081818       9.2010011      0.83157916       1.0149008      0.47059745      0.62557097       2.1794666       1.8938793       13.780747       146.54728      -8.3517386       -5.0265319                   -3.3252067       156.07056             156.07056
              7       69.739631       3.0818526      0.97235619       1.0408226     0.022599757      0.12110378     0.070226448       1.0053075        1.002859    2.179875e-09       67.136705      0.32025207       0.1443484      0.67966775      0.24598085      0.24731297       2.4081818       9.2010011      0.83151762       1.0148257      0.47056263      0.62552467        2.179875       1.8942342       13.780747       146.54728      -8.3517386       -5.0265319                   -3.3252067       156.18274             156.18274
              2       68.189425       3.0818957      0.97607666       1.0408226     0.022599757      0.12110378     0.070226448       1.0052259       1.0004065    2.179969e-09       67.136705      0.32025207       0.1443484      0.67966775      0.24598085      0.24731297       2.4081818       9.2010011      0.83270839        1.016279      0.47123649      0.62642045        2.179969       1.8943158       13.780747       146.54728      -8.3995328       -5.0265319                   -3.3730009       153.17792             153.17792
              1       68.747283       3.0781572      0.97407155       1.0405121     0.022512825      0.12136447     0.068376885       1.0052259       1.0004065   2.1718343e-09       66.870923      0.32319141      0.14452216      0.67672778       0.2459436      0.24727558       2.4234787       9.0540149      0.83144175       1.0167476      0.47267402      0.62689785       2.1718343       1.8942412       13.799839       146.57499      -8.4348937       -5.0618928                   -3.3730009       154.36435             154.36435
              3       70.593701       3.0810857      0.97311903       1.0406842      0.02241997      0.12083475     0.071094782       1.0052259       1.0004065   2.1782039e-09         67.0346      0.32022962      0.14389958      0.67968996       0.2459038      0.24723564       2.4399774       9.3244486      0.83115766       1.0151586      0.47034243      0.62524292       2.1782039       1.8894978       13.801996       146.81618       -8.377687       -5.0046861                   -3.3730009       157.94278             157.94278
              5       69.982129       3.0825351      0.97265438       1.0407913     0.022412966      0.12135315     0.070890333       1.0052259       1.0004065   2.1813631e-09       66.885398      0.32280301      0.14441098      0.67711621       0.2459008      0.24723263       2.4412288       9.3176519      0.83347358        1.019122      0.47354431      0.62824093       2.1813631       1.8930122       13.801543       146.68835      -8.3831322       -5.0101313                   -3.3730009       156.73052             156.73052
             10       70.816709       3.0924034      0.97240269       1.0407913     0.022412966      0.12135315     0.070890333       1.0052259       1.0004065   2.2029962e-09       66.885398      0.32280301      0.14441098      0.67711621       0.2459008      0.24723263       2.4412288       9.3176519       0.8375167       1.0240657      0.47584145      0.63128849       2.2029962       1.9117856       13.801543       146.68835      -8.3831322       -5.0101313                   -3.3730009       158.39968             158.39968
              7       69.797517       3.0909334      0.96994906       1.0407913     0.022412966      0.12135315     0.070890333       1.0052259       1.0004065   2.1997601e-09       66.885398      0.32280301      0.14441098      0.67711621       0.2459008      0.24723263       2.4412288       9.3176519      0.83612734       1.0223669      0.47505206      0.63024124       2.1997601       1.9089773       13.801543       146.68835      -8.3831322       -5.0101313                   -3.3730009        156.3613              156.3613
             15       69.530491       3.0897552      0.97005897       1.0407913     0.022412966      0.12135315     0.070890333       1.0052259       1.0004065   2.1971698e-09       66.885398      0.32280301      0.14441098      0.67711621       0.2459008      0.24723263       2.4412288       9.3176519      0.83566952       1.0218071      0.47479195      0.62989615       2.1971698       1.9067294       13.801543       146.68835      -8.3831322       -5.0101313                   -3.3730009       155.82725             155.82725
              7       68.858616       3.0839285      0.97439208       1.0407913     0.022412966      0.12135315     0.070890333       1.0052259       1.0004065   2.1844048e-09       66.885398      0.32280301      0.14441098      0.67711621       0.2459008      0.24723263       2.4412288       9.3176519      0.83460189       1.0205016      0.47418537      0.62909142       2.1844048       1.8956518       13.801543       146.68835      -8.3831322       -5.0101313                   -3.3730009        154.4835              154.4835
              6       69.017926       3.0900796      0.97527435       1.0409315     0.022430969       0.1210903     0.074280054       1.0052259       1.0004065   2.1978828e-09       67.037858      0.32079161      0.14416613      0.67912798      0.24590851      0.24724036       2.4380142       9.6232813       0.8366377        1.021827      0.47385878      0.62964126       2.1978828       1.8944611       13.794499       146.73712       -8.268858       -4.8958572                   -3.3730009       154.57357             154.57357
             26       69.611417       3.0894565      0.97590259       1.0411861     0.022456797      0.12093341     0.074059432       1.0052226       1.0012418   2.1965137e-09       67.198638      0.31896815      0.14403508      0.68095182      0.24591957      0.24725147       2.4334137       9.5930233       0.8361949       1.0200637      0.47226001      0.62841182       2.1965137       1.8941166       13.783662       146.74955       -8.279756       -4.9048485                   -3.3749075       155.78235             155.78235
              2       70.157006       3.0926136      0.97606235        1.041293     0.022463081      0.12109132     0.075282555       1.0052226       1.0012418   2.2034593e-09       67.184939      0.31946198      0.14419926      0.68045796      0.24592227      0.24725417       2.4322963       9.7073941      0.83817667       1.0225854      0.47374557      0.63014481       2.2034593       1.8954635       13.780458       146.70128      -8.2271835        -4.852276                   -3.3749075       156.76838             156.76838
             11       69.170718       3.0969547      0.97513943        1.040553     0.022437666      0.12163944     0.076806461       1.0052226       1.0012418   2.2130454e-09         66.7278      0.32502806      0.14472197      0.67489078      0.24591138      0.24724324       2.4368199       9.8643724       0.8408946       1.0294095      0.47940437      0.63492405       2.2130454       1.8979164       13.807285       146.58611        -8.15238       -4.7774724                   -3.3749075        154.6462              154.6462
             11       69.042736       3.0898901      0.97921493       1.0410977     0.022605694      0.12007108     0.075206949       1.0052226       1.0012418   2.1974662e-09       67.592612      0.31369913      0.14332164      0.68622177      0.24598339      0.24731551       2.4071421       9.6395437      0.83378284       1.0141527      0.46699218      0.62399525       2.1974662        1.890594       13.767801       146.81129       -8.230626       -4.8557185                   -3.3749075       154.54672             154.54672
              1       69.298703       3.0889672       0.9795437       1.0411465     0.022625256      0.12004657     0.074696222       1.0052226       1.0012418   2.1954392e-09       67.633781      0.31330653      0.14331669      0.68661446      0.24599174       0.2473239       2.4037212        9.587109      0.83338334       1.0133582      0.46647626      0.62350103       2.1954392       1.8907804       13.764273       146.79612      -8.2532151       -4.8783075                   -3.3749075       155.10384             155.10384
             23       71.089596       3.0824897      0.98364799       1.0411465     0.022625256      0.12004657     0.074696222       1.0052226       1.0012418   2.1812643e-09       67.633781      0.31330653      0.14331669      0.68661446      0.24599174       0.2473239       2.4037212        9.587109      0.83199253        1.011667      0.46569776      0.62246049       2.1812643       1.8785725       13.764273       146.79612      -8.2532151       -4.8783075                   -3.3749075       158.68562             158.68562
              4       74.806685       3.0770093      0.98494526       1.0411465     0.022625256      0.12004657     0.074696222       1.0049799       1.0022207   2.1693427e-09       67.633781      0.31330653      0.14331669      0.68661446      0.24599174       0.2473239       2.4037212        9.587109      0.83012784       1.0093996      0.46465403      0.62106541       2.1693427       1.8683053       13.764273       146.79612      -8.3907586       -4.8783075                   -3.5124511       166.39489             166.39489
              4       70.145894       3.0854263      0.98234349       1.0411465     0.022625256      0.12004657     0.074696222       1.0049799       1.0022207   2.1876791e-09       67.633781      0.31330653      0.14331669      0.68661446      0.24599174       0.2473239       2.4037212        9.587109      0.83279945       1.0126482      0.46614943      0.62306419       2.1876791       1.8840972       13.764273       146.79612      -8.3907586       -4.8783075                   -3.5124511        157.0733              157.0733
             18       69.849506       3.0906882       0.9818518       1.0411096     0.022588823      0.12017289     0.077241411       1.0049799       1.0022207   2.1992208e-09       67.547026      0.31430886      0.14340658      0.68561193      0.24597617      0.24730827        2.410098       9.8313977      0.83538601       1.0164455      0.46834459      0.62549862       2.1992208       1.8844204       13.769564       146.80318      -8.2666799       -4.7542288                   -3.5124511       156.23237             156.23237
