#        weight    minuslogpost            logA              ns    theta_MC_100           ombh2           omch2             tau           A_act           P_act              As              H0          omegam        omegamh2        omega_de             YHe             Y_p           DHBBN            zrei          sigma8            s8h5      s8omegamp5     s8omegamp25               A           clamp             age           rdrag   minuslogprior minuslogprior__0 minuslogprior__cal_dip_prior            chi2 chi2__act_dr6_cmbonly
              1       1560.4912       3.0253208      0.97351114       1.0415521     0.022453514      0.11409621     0.038976733      0.94313958       1.0098439   2.0600612e-09        69.77814      0.28177225      0.13719459      0.71815353      0.24591817      0.24725005       2.4339977       5.9550734       0.7857707      0.94066749      0.41710456      0.57249327       2.0600612        1.905572        13.74211       148.58368       171.14452       -3.5823216                    174.72684       2778.6934             2778.6934
              2       1487.4971       3.0210358      0.97439893       1.0415521     0.022453514      0.11409621     0.038976733      0.94313958       1.0098439   2.0512528e-09        69.77814      0.28177225      0.13719459      0.71815353      0.24591817      0.24725005       2.4339977       5.9550734      0.78435823      0.93897658      0.41635479      0.57146418       2.0512528       1.8974242        13.74211       148.58368       171.14452       -3.5823216                    174.72684       2632.7051             2632.7051
              1        1213.527        2.981988      0.96451024       1.0405555     0.022165212       0.1172112      0.01566026       0.9480508        1.058604   1.9726996e-09       68.062515      0.30225818      0.14002128      0.69766381      0.24579445      0.24712589       2.4861241       3.0379508      0.77754214      0.94247522      0.42747721      0.57652541       1.9726996       1.9118712       13.815998       148.06386       145.36121       0.32256633                    145.03864       2136.3316             2136.3316
              2       792.19733       2.9742418      0.95212112       1.0405555     0.022165212       0.1172112      0.01566026      0.95495973       1.0032429   1.9574777e-09       68.062515      0.30225818      0.14002128      0.69766381      0.24579445      0.24712589       2.4861241       3.0379508      0.77092571      0.93445531      0.42383963      0.57161952       1.9574777       1.8971186       13.815998       148.06386       108.13381       0.32256633                    107.81125        1368.127              1368.127
             16       352.31994       2.9749263      0.94756648       1.0405555     0.022165212       0.1172112      0.01566026      0.97095516       1.0365717    1.958818e-09       68.062515      0.30225818      0.14002128      0.69766381      0.24579445      0.24712589       2.4861241       3.0379508      0.76987212      0.93317823      0.42326039      0.57083831        1.958818       1.8984176       13.815998       148.06386       42.299171       0.32256633                    41.976604       620.04155             620.04155
              4       286.73353       2.9654262      0.93847755       1.0405555     0.022165212       0.1172112      0.01566026      0.97196273       1.0408826   1.9402972e-09       68.062515      0.30225818      0.14002128      0.69766381      0.24579445      0.24712589       2.4861241       3.0379508       0.7636238      0.92560451      0.41982518      0.56620535       1.9402972       1.8804679       13.815998       148.06386        39.10394       0.32256633                    38.781373       495.25918             495.25918
              1        265.0626       2.9646277      0.93900357       1.0405555     0.022165212       0.1172112      0.01566026      0.97072653       1.0122625   1.9387484e-09       68.062515      0.30225818      0.14002128      0.69766381      0.24579445      0.24712589       2.4861241       3.0379508       0.7634688      0.92541663      0.41973997      0.56609043       1.9387484       1.8789669       13.815998       148.06386       43.039904       0.32256633                    42.717338        444.0454              444.0454
              9       216.78533        2.925627      0.94695123       1.0411844     0.022540637      0.11352245    0.0011090457       0.9782532      0.99514171   1.8645913e-09       69.940231      0.27947287      0.13670795      0.72045326      0.24595553      0.24728755       2.4185693    0.0038779343      0.73735264      0.88168146       0.3898029      0.53611771       1.8645913       1.8604601       13.741364       148.64215       25.367304        3.9839976                    21.383306       382.83606             382.83606
              7       149.23506       2.9195683      0.94926267       1.0411844     0.022540637      0.11352245    0.0011090457      0.98269203       1.0142101   1.8533284e-09       69.940231      0.27947287      0.13670795      0.72045326      0.24595553      0.24728755       2.4185693    0.0038779343      0.73577079      0.87978998      0.38896665      0.53496757       1.8533284       1.8492221       13.741364       148.64215       15.736337        3.9839976                    11.752339       266.99746             266.99746
              3       134.54981       2.9213153      0.95537011       1.0411844     0.022540637      0.11352245    0.0011090457      0.98762513       1.0022791   1.8565691e-09       69.940231      0.27947287      0.13670795      0.72045326      0.24595553      0.24728755       2.4185693    0.0038779343      0.73813552      0.88261758      0.39021677      0.53668693       1.8565691       1.8524557       13.741364       148.64215       7.6014238        3.9839976                    3.6174262       253.89677             253.89677
              5       117.55739       2.9458758      0.95344629       1.0412904     0.022477553      0.11592341    0.0092508912      0.98957047       1.0139131    1.902732e-09       69.034172      0.29176267      0.13904583       0.7081615      0.24592847       0.2472604       2.4297262        1.960607      0.75539483      0.90916341      0.40802697      0.55517697        1.902732       1.8678517       13.756557       148.05959       2.9722037        1.8193511                    1.1528525       229.17037             229.17037
              1       112.57411       3.0099034      0.95037215       1.0412022     0.022167095      0.11687772     0.040581923      0.98957047       1.0139131   2.0285441e-09       68.401581       0.2985603      0.13968968      0.70136247      0.24579527      0.24712671       2.4857782       6.2178918      0.78365451      0.94752694      0.42819408      0.57927215       2.0285441       1.8704041        13.79491        148.1516      -2.6093978       -3.7622503                    1.1528525       230.36702             230.36702
              2       104.35828       3.0208357      0.96057952       1.0418625     0.022589086      0.11435487     0.048484156      0.98957047       1.0139131   2.0508423e-09       69.898835       0.2816069      0.13758883      0.71831914      0.24597628      0.24730838       2.4100519       6.9551328      0.78068121      0.93376751      0.41428134      0.56870173       2.0508423       1.8613133       13.720625        148.3597      -3.3282186       -4.4810712                    1.1528525       215.37299             215.37299
              5       101.51381       3.0233118      0.96190075       1.0418754     0.022691079       0.1150127     0.048117677      0.98952397       1.0085535   2.0559267e-09        69.74362      0.28442381      0.13834865       0.7155019      0.24601976      0.24735202       2.3922626       6.9063175      0.78399166      0.93876999      0.41811372      0.57253617       2.0559267       1.8672959       13.713318       148.06618      -3.2470144       -4.4538718                    1.2068574       209.52165             209.52165
              1       98.333238       3.0198916      0.96218348       1.0418754     0.022691079       0.1150127     0.048117677      0.98952397       1.0085535   2.0489071e-09        69.74362      0.28442381      0.13834865       0.7155019      0.24601976      0.24735202       2.3922626       6.9063175      0.78273727      0.93726796      0.41744473      0.57162011       2.0489071       1.8609203       13.713318       148.06618      -3.2470144       -4.4538718                    1.2068574        203.1605              203.1605
              2       99.834097       3.0105018      0.95624953       1.0406886     0.022427641      0.11566187     0.043800991      0.98959357         1.00972   2.0297583e-09       68.885836      0.29236422      0.13873438      0.70755962      0.24590708      0.24723893       2.4386078        6.506493       0.7798386      0.93959298      0.42166431       0.5734371       2.0297583       1.8595132       13.778265       148.18646      -2.9624581       -4.0885714                    1.1261134       205.59311             205.59311
              1        100.2008       3.0113757      0.95723411       1.0406886     0.022427641      0.11566187     0.043800991      0.98944742       1.0105772   2.0315328e-09       68.885836      0.29236422      0.13873438      0.70755962      0.24590708      0.24723893       2.4386078        6.506493      0.78047116      0.94035512      0.42200634      0.57390224       2.0315328       1.8611389       13.778265       148.18646      -2.7922815       -4.0885714                      1.29629       205.98616             205.98616
              8       99.320086       3.0104244      0.95837126       1.0406886     0.022427641      0.11566187     0.043800991      0.98944742       1.0105772   2.0296011e-09       68.885836      0.29236422      0.13873438      0.70755962      0.24590708      0.24723893       2.4386078        6.506493      0.78043716      0.94031415      0.42198795      0.57387723       2.0296011       1.8593692       13.778265       148.18646      -2.7922815       -4.0885714                      1.29629       204.22473             204.22473
              6       93.075003       3.0077294      0.96514677       1.0406886     0.022427641      0.11566187     0.043800991      0.99050776       1.0050056   2.0241388e-09       68.885836      0.29236422      0.13873438      0.70755962      0.24590708      0.24723893       2.4386078        6.506493       0.7813997      0.94147388       0.4225084      0.57458501       2.0241388       1.8543651       13.778265       148.18646      -3.9730793       -4.0885714                   0.11549212       194.09616             194.09616
              3       87.088873        2.993615      0.97869452       1.0406886     0.022427641      0.11566187     0.043800991      0.99050776       1.0050056     1.99577e-09       68.885836      0.29236422      0.13873438      0.70755962      0.24590708      0.24723893       2.4386078        6.506493      0.77994012      0.93971529       0.4217192      0.57351175         1.99577       1.8283757       13.778265       148.18646      -3.9730793       -4.0885714                   0.11549212        182.1239              182.1239
              1       86.233795       2.9900625      0.97786555       1.0408454     0.022411307      0.11614843      0.04119955      0.99050776       1.0050056   1.9886925e-09        68.74734      0.29453831       0.1392046      0.70538523      0.24590009      0.24723192       2.4415253       6.2321908       0.7802042      0.94097987      0.42342761      0.57476952       1.9886925       1.8313956       13.777567       148.07321      -3.7129383       -3.8284305                   0.11549212       179.89347             179.89347
              7       82.328128        2.999359       0.9899194       1.0408454     0.022411307      0.11614843      0.04119955      0.99711597        1.003005   2.0072667e-09        68.74734      0.29453831       0.1392046      0.70538523      0.24590009      0.24723192       2.4415253       6.2321908      0.78748642      0.94976273      0.42737978      0.58013427       2.0072667       1.8485006       13.777567       148.07321      -8.2565434       -3.8284305                   -4.4281129       181.16934             181.16934
              4       79.940157       2.9962126      0.98803201       1.0408454     0.022411307      0.11614843      0.04119955       0.9994419       1.0021891   2.0009609e-09        68.74734      0.29453831       0.1392046      0.70538523      0.24590009      0.24723192       2.4415253       6.2321908      0.78567567      0.94757884      0.42639706       0.5788003       2.0009609       1.8426936       13.777567       148.07321      -8.7013309       -3.8284305                   -4.8729005       177.28298             177.28298
              3       75.551741       3.0028315      0.98658745       1.0412025     0.022401442      0.11812748     0.040902959       0.9994419       1.0021891   2.0142489e-09        68.14518      0.30400714      0.14117379      0.69591504      0.24589588      0.24722768       2.4432897       6.2262691      0.79500579      0.96305861      0.43834109      0.59032508       2.0142489       1.8560312       13.776998       147.55294       -8.669762       -3.7968616                   -4.8729005       168.44301             168.44301
              7       75.464104        3.002668      0.98327738       1.0412025     0.022401442      0.11812748     0.040902959       0.9994419       1.0021891   2.0139198e-09        68.14518      0.30400714      0.14117379      0.69591504      0.24589588      0.24722768       2.4432897       6.2262691      0.79393121      0.96175688       0.4377486      0.58952716       2.0139198       1.8557279       13.776998       147.55294       -8.669762       -3.7968616                   -4.8729005       168.26773             168.26773
             16       74.047416       3.0063231      0.98455607       1.0410161     0.022501497      0.11879299     0.041178747       0.9994419       1.0021891   2.0212943e-09       67.928586      0.30760804      0.14193936      0.69231364      0.24593874      0.24727071       2.4254824       6.2464633      0.79742865      0.96753247      0.44227326      0.59386982       2.0212943       1.8614961       13.775387       147.26431      -8.6991294        -3.826229                   -4.8729005       165.49309             165.49309
              1       73.571472       3.0077396      0.97987113       1.0410161     0.022501497      0.11879299     0.041178747      0.99898788        1.003869   2.0241593e-09       67.928586      0.30760804      0.14193936      0.69231364      0.24593874      0.24727071       2.4254824       6.2464633      0.79656388      0.96648323      0.44179363       0.5932258       2.0241593       1.8641347       13.775387       147.26431      -8.6595226        -3.826229                   -4.8332936       164.46199             164.46199
             12       72.822815       3.0050709      0.97743369       1.0409654      0.02242673       0.1199508     0.038138203      0.99898788        1.003869   2.0187648e-09       67.442058      0.31444335      0.14302239       0.6854772      0.24590669      0.24723854       2.4387705       5.9314794       0.7988588      0.97275757      0.44796206       0.5982127       2.0187648       1.8705068       13.789321       147.04112      -8.3170691       -3.4837755                   -4.8332936       162.27977             162.27977
              4       74.055094       3.0128478      0.97265874       1.0401929     0.022230722      0.12172994     0.039907495      0.99898788        1.003869   2.0345257e-09       66.406092      0.32792087      0.14460553      0.67199718      0.24582285      0.24715439       2.4741345       6.1870829      0.80629919      0.98944638       0.4617222      0.61015263       2.0345257       1.8784515       13.839385       146.79138      -8.5213409       -3.6880473                   -4.8332936       165.15287             165.15287
              3       71.121603        3.026131      0.97245826       1.0405319     0.022262848      0.12348108     0.043143932      0.99898788        1.003869   2.0617309e-09        65.94964      0.33657585      0.14638879      0.66334106      0.24583666      0.24716825        2.468286        6.567277      0.81729342       1.0064027      0.47415407      0.62251345       2.0617309       1.8912879       13.832479       146.30048       -8.858999       -4.0257054                   -4.8332936        159.9612              159.9612
              3       70.660812       3.0230077      0.97504014       1.0405319     0.022262848      0.12348108     0.043143932      0.99898788        1.003869   2.0553016e-09        65.94964      0.33657585      0.14638879      0.66334106      0.24583666      0.24716825        2.468286        6.567277      0.81680704       1.0058038      0.47387189      0.62214299       2.0553016       1.8853901       13.832479       146.30048       -8.858999       -4.0257054                   -4.8332936       159.03962             159.03962
              6        70.30866       3.0207527      0.97226358       1.0405319     0.022262848      0.12348108     0.043143932      0.99898788        1.003869   2.0506721e-09        65.94964      0.33657585      0.14638879      0.66334106      0.24583666      0.24716825        2.468286        6.567277      0.81503921       1.0036269      0.47284629      0.62079648       2.0506721       1.8811433       13.832479       146.30048       -8.858999       -4.0257054                   -4.8332936       158.33532             158.33532
             19       70.306239       3.0232712      0.97311554       1.0405319     0.022262848      0.12348108     0.043143932      0.99898788        1.003869   2.0558432e-09        65.94964      0.33657585      0.14638879      0.66334106      0.24583666      0.24716825        2.468286        6.567277       0.8163263       1.0052118      0.47359299      0.62177682       2.0558432       1.8858869       13.832479       146.30048       -8.858999       -4.0257054                   -4.8332936       158.33048             158.33048
              2       71.356751       3.0193602      0.97431196       1.0403209     0.022352938      0.12360309     0.040684593      0.99896787       1.0039469   2.0478185e-09       65.912915      0.33743924      0.14660089      0.66247758      0.24587517       0.2472069        2.451994       6.2755651      0.81490406         1.00374      0.47337386       0.6210912       2.0478185       1.8877882       13.830101       146.16988      -8.6043903       -3.7733691                   -4.8310212       159.92228             159.92228
             15       68.162696       3.0317986      0.97549187        1.040751     0.022361645      0.12326827     0.047259546       1.0010385       0.9994278   2.0734493e-09       66.175909      0.33401781      0.14627478      0.66589967      0.24587888      0.24721063        2.450428        6.995363      0.81971943       1.0076629      0.47375089      0.62317157       2.0734493       1.8864456       13.815131        146.2468      -9.2181398       -4.3878476                   -4.8302922       154.76167             154.76167
              4       68.229624        3.035401      0.97733742       1.0408084     0.022447314      0.12307072     0.049016803       1.0010385       0.9994278   2.0809322e-09        66.33278      0.33218557       0.1461629       0.6677323      0.24591551      0.24724739       2.4351012       7.1627472      0.82086896       1.0078821      0.47311228      0.62318792       2.0809322       1.8866115       13.804019       146.20374      -9.3498312        -4.519539                   -4.8302922       155.15891             155.15891
             24       69.897474       3.0296888      0.98353974       1.0408084     0.022447314      0.12307072     0.049016803        1.000711       1.0009968   2.0690792e-09        66.33278      0.33218557       0.1461629       0.6677323      0.24591551      0.24724739       2.4351012       7.1627472      0.82044598       1.0073628      0.47286848       0.6228668       2.0690792       1.8758653       13.804019       146.20374      -9.3816592        -4.519539                   -4.8621202       158.55827             158.55827
              7       68.354711       3.0305521       0.9785153       1.0408084     0.022447314      0.12307072     0.049016803        1.000711       1.0009968   2.0708662e-09        66.33278      0.33218557       0.1461629       0.6677323      0.24591551      0.24724739       2.4351012       7.1627472      0.81924479       1.0058879      0.47217618      0.62195488       2.0708662       1.8774855       13.804019       146.20374      -9.3816592        -4.519539                   -4.8621202       155.47274             155.47274
              2       69.158266       3.0290973      0.97585384       1.0408084     0.022447314      0.12307072     0.049016803        1.000711       1.0009968   2.0678557e-09        66.33278      0.33218557       0.1461629       0.6677323      0.24591551      0.24724739       2.4351012       7.1627472      0.81782866       1.0041492      0.47135998      0.62087978       2.0678557       1.8747561       13.804019       146.20374      -9.3816592        -4.519539                   -4.8621202       157.07985             157.07985
              4       67.768459       3.0350138      0.97571067       1.0408084     0.022447314      0.12307072     0.049016803       1.0012096      0.99900707   2.0801266e-09        66.33278      0.33218557       0.1461629       0.6677323      0.24591551      0.24724739       2.4351012       7.1627472       0.8202074       1.0070698      0.47273098      0.62268567       2.0801266       1.8858811       13.804019       146.20374      -9.3284558        -4.519539                   -4.8089168       154.19383             154.19383
              1       68.380555       3.0335354      0.97184958       1.0408084     0.022447314      0.12307072     0.049016803       1.0012096      0.99900707   2.0770536e-09        66.33278      0.33218557       0.1461629       0.6677323      0.24591551      0.24724739       2.4351012       7.1627472      0.81841215       1.0048656      0.47169628      0.62132275       2.0770536       1.8830951       13.804019       146.20374      -9.3284558        -4.519539                   -4.8089168       155.41802             155.41802
             11       67.779316       3.0380719      0.97307168       1.0408084     0.022447314      0.12307072     0.049016803       1.0017626       1.0022914   2.0864975e-09        66.33278      0.33218557       0.1461629       0.6677323      0.24591551      0.24724739       2.4351012       7.1627472      0.82064741       1.0076101      0.47298458      0.62301972       2.0864975       1.8916571       13.804019       146.20374      -9.2371403        -4.519539                   -4.7176013       154.03291             154.03291
              4       68.738837       3.0451709      0.96322801       1.0408084     0.022447314      0.12307072     0.049016803       1.0017626       1.0022914   2.1013622e-09        66.33278      0.33218557       0.1461629       0.6677323      0.24591551      0.24724739       2.4351012       7.1627472      0.82053161       1.0074679      0.47291784       0.6229318       2.1013622       1.9051337       13.804019       146.20374      -9.2371403        -4.519539                   -4.7176013       155.95196             155.95196
              4       68.938605       3.0438701      0.97187948       1.0408084     0.022447314      0.12307072     0.049016803       1.0017626       1.0022914   2.0986306e-09        66.33278      0.33218557       0.1461629       0.6677323      0.24591551      0.24724739       2.4351012       7.1627472      0.82266135       1.0100828      0.47414533      0.62454866       2.0986306       1.9026572       13.804019       146.20374      -9.2371403        -4.519539                   -4.7176013       156.35149             156.35149
              2        70.51291       3.0464125      0.96982235       1.0409477     0.022283945       0.1223749      0.05214158        1.002176      0.99920841   2.1039729e-09       66.480465      0.32876729      0.14530371      0.67115094       0.2458457      0.24717733       2.4644562       7.5163223      0.82166254       1.0077353      0.47112678      0.62217942       2.1039729       1.8956168       13.813824       146.56419      -9.3469626       -4.7198137                   -4.6271489       159.71975             159.71975
             11       70.970706       3.0483595      0.96897578       1.0409477     0.022283945       0.1223749      0.05214158        1.002176      0.99920841   2.1080733e-09       66.480465      0.32876729      0.14530371      0.67115094       0.2458457      0.24717733       2.4644562       7.5163223      0.82220144       1.0083962      0.47143577      0.62258748       2.1080733       1.8993111       13.813824       146.56419      -9.3469626       -4.7198137                   -4.6271489       160.63534             160.63534
              9       71.031105       3.0485823      0.96893519       1.0409477     0.022283945       0.1223749      0.05214158        1.002176      0.99920841   2.1085431e-09       66.480465      0.32876729      0.14530371      0.67115094       0.2458457      0.24717733       2.4644562       7.5163223      0.82228053       1.0084932      0.47148112      0.62264737       2.1085431       1.8997344       13.813824       146.56419      -9.3469626       -4.7198137                   -4.6271489       160.75614             160.75614
              3       70.040817        3.046327      0.97549731       1.0409477     0.022283945       0.1223749      0.05214158       1.0023484       1.0000491    2.103793e-09       66.480465      0.32876729      0.14530371      0.67115094       0.2458457      0.24717733       2.4644562       7.5163223      0.82338293       1.0098453      0.47211322      0.62348213        2.103793       1.8954547       13.813824       146.56419       -9.303632       -4.7198137                   -4.5838183        158.6889              158.6889
              6       70.020089       3.0469195      0.97561899       1.0409607     0.022286503      0.12232333     0.052511286       1.0023484       1.0000491     2.10504e-09        66.50449      0.32841899       0.1452547       0.6714993       0.2458468      0.24717842       2.4639926       7.5534989      0.82350274       1.0098098      0.47193173      0.62340763         2.10504       1.8951763       13.812984       146.57479      -9.3244564       -4.7406381                   -4.5838183       158.68909             158.68909
              9       69.338683       3.0448023      0.97563202       1.0409607     0.022286503      0.12232333     0.052511286       1.0023484       1.0000491   2.1005878e-09        66.50449      0.32841899       0.1452547       0.6714993       0.2458468      0.24717842       2.4639926       7.5534989      0.82263546       1.0087463      0.47143471      0.62275108       2.1005878        1.891168       13.812984       146.57479      -9.3244564       -4.7406381                   -4.5838183       157.32628             157.32628
              2       70.489828        3.047316      0.97652432       1.0409607     0.022286503      0.12232333     0.052511286       1.0023484       1.0000491   2.1058747e-09        66.50449      0.32841899       0.1452547       0.6714993       0.2458468      0.24717842       2.4639926       7.5534989      0.82394708       1.0103546      0.47218637        0.623744       2.1058747       1.8959278       13.812984       146.57479      -9.3244564       -4.7406381                   -4.5838183       159.62857             159.62857
             13       70.489791       3.0446146       0.9758869       1.0409651     0.022292404      0.12302849     0.049901079       1.0044462        1.003789   2.1001937e-09       66.271005      0.33235627      0.14596576      0.66756144      0.24584932      0.24718096       2.4629233       7.2888689      0.82485325        1.013246      0.47553077      0.62629314       2.1001937       1.9007098       13.814863       146.38509      -8.3725599       -4.5806171                   -3.7919428        157.7247              157.7247
              1       71.706844       3.0516492      0.97429209       1.0404195     0.022281992       0.1248778     0.050332516       1.0044462        1.003789   2.1150197e-09       65.460824      0.34492542      0.14780466      0.65499025      0.24584487      0.24717649       2.4648104        7.362982      0.83245587       1.0288936      0.48890426      0.63795863       2.1150197       1.9124767       13.838763       145.91985      -8.4010984       -4.6091556                   -3.7919428       160.21588             160.21588
              2       71.812954       3.0528627      0.97551409        1.040871     0.022329506      0.12464074     0.051009144       1.0044462        1.003789   2.1175878e-09       65.728659      0.34168137      0.14761512      0.65823498      0.24586517      0.24719686       2.4562159       7.4216469      0.83291834       1.0273657      0.48687007      0.63680688       2.1175878       1.9122094       13.819602       145.92859      -8.4441896       -4.6522468                   -3.7919428       160.51429             160.51429
              2       73.041369       3.0542909      0.97289624       1.0407402     0.022196004      0.12503551     0.051616462       1.0040521       1.0056918   2.1206143e-09       65.443631      0.34527412      0.14787638       0.6546415      0.24580784      0.24713933        2.480478       7.5207056      0.83427987       1.0312835      0.49022311        0.639518       2.1206143       1.9126178       13.838404       145.97372      -8.6671779       -4.6891912                   -3.9779867       163.41709             163.41709
              1       72.775158       3.0536372      0.97249362       1.0407402     0.022196004      0.12503551     0.051616462       1.0040521       1.0056918   2.1192285e-09       65.443631      0.34527412      0.14787638       0.6546415      0.24580784      0.24713933        2.480478       7.5207056      0.83388213       1.0307918       0.4899894      0.63921311       2.1192285       1.9113679       13.838404       145.97372      -8.6671779       -4.6891912                   -3.9779867       162.88467             162.88467
              2       71.062949       3.0531626      0.96727482       1.0407402     0.022196004      0.12503551     0.051616462       1.0027694       1.0018124   2.1182228e-09       65.443631      0.34527412      0.14787638       0.6546415      0.24580784      0.24713933        2.480478       7.5207056      0.83206725       1.0285484      0.48892297      0.63782191       2.1182228       1.9104609       13.838404       145.97372      -9.1533202       -4.6891912                    -4.464129       160.43254             160.43254
              9       69.491587       3.0493123      0.97067248       1.0402172     0.022330036      0.12338008     0.052247498       1.0027694       1.0018124   2.1100829e-09       65.934679      0.33665084      0.14635498      0.66326603       0.2458654      0.24719709       2.4561203       7.5311432      0.82535753        1.016448      0.47888581      0.62869071       2.1100829        1.900719       13.834739       146.25264      -9.1899708       -4.7258418                    -4.464129       157.36312             157.36312
             10       69.622224       3.0447148       0.9722345       1.0402172     0.022330036      0.12338008     0.052247498       1.0027694       1.0018124    2.100404e-09       65.934679      0.33665084      0.14635498      0.66326603       0.2458654      0.24719709       2.4561203       7.5311432      0.82394308       1.0147061      0.47806512       0.6276133        2.100404       1.8920005       13.834739       146.25264      -9.1899708       -4.7258418                    -4.464129       157.62439             157.62439
              7        68.55585       3.0439027      0.97399683       1.0403193     0.022417163      0.12307267     0.051993165       1.0027694       1.0018124   2.0986989e-09       66.144398      0.33401597       0.1461347      0.66590143       0.2459026      0.24723443       2.4404788       7.4810795      0.82295274       1.0118785      0.47561825      0.62562875       2.0986989       1.8914264        13.82173       146.23636      -9.1754121        -4.711283                    -4.464129       155.46252             155.46252
              2       69.365346       3.0402962      0.97664259       1.0403193     0.022417163      0.12307267     0.051993165       1.0027694       1.0018124   2.0911436e-09       66.144398      0.33401597       0.1461347      0.66590143       0.2459026      0.24723443       2.4404788       7.4810795      0.82228611       1.0110588      0.47523298      0.62512197       2.0911436       1.8846173        13.82173       146.23636      -9.1754121        -4.711283                    -4.464129       157.08152             157.08152
             22       70.105705       3.0455459      0.97758304       1.0401561     0.022455022      0.12298265     0.054645973       1.0027694       1.0018124   2.1021503e-09       66.151917      0.33382083      0.14608253      0.66609659      0.24591881       0.2472507       2.4337294       7.7449573      0.82413535        1.013275      0.47616257      0.62643627       2.1021503       1.8845119       13.822454       146.21807      -9.3131274       -4.8489983                    -4.464129       158.83767             158.83767
              1       69.759104       3.0481666      0.97145442       1.0401561     0.022455022      0.12298265     0.054645973       1.0027694       1.0018124   2.1076667e-09       66.151917      0.33382083      0.14608253      0.66609659      0.24591881       0.2472507       2.4337294       7.7449573      0.82332137       1.0122742      0.47569228      0.62581756       2.1076667       1.8894571       13.822454       146.21807      -9.3131274       -4.8489983                    -4.464129       158.14446             158.14446
             10       68.834831       3.0533982       0.9733133       1.0403589     0.022506112       0.1222203     0.058305691       1.0027694       1.0018124    2.118722e-09       66.520846      0.32852095      0.14537127      0.67139738      0.24594072      0.24727269       2.4246658       8.0914356      0.82362748       1.0098385      0.47207648      0.62355044        2.118722       1.8855163       13.808376       146.35962      -9.4517765       -4.9876474                    -4.464129       156.57321             156.57321
              9       70.858288       3.0535754       0.9723258       1.0403589     0.022506112       0.1222203     0.058305691       1.0038243       1.0019478   2.1190976e-09       66.520846      0.32852095      0.14537127      0.67139738      0.24594072      0.24727269       2.4246658       8.0914356      0.82339461        1.009553        0.471943      0.62337414       2.1190976       1.8858506       13.808376       146.35962      -9.0653395       -4.9876474                    -4.077692       159.84725             159.84725
             16       77.245245       3.0492905      0.98310957       1.0409853     0.022958975      0.11877008     0.060196792       1.0038243       1.0019478   2.1100369e-09       68.306571      0.30514445      0.14237392      0.69477809      0.24613145      0.24746411       2.3464694       8.1160984      0.81223338      0.98276479      0.44867676      0.60368057       2.1100369       1.8706984        13.73011       146.76434      -9.1136572       -5.0359651                    -4.077692        172.7178              172.7178
              6       75.315153       3.0630113      0.97870529       1.0403152     0.022894684      0.12313365     0.059757013       1.0046294      0.99782772   2.1391877e-09        66.51919      0.33147966       0.1466732      0.66843867      0.24610495      0.24743751       2.3573372       8.1602378       0.8306072        1.018409      0.47821603      0.63024573       2.1391877       1.8982116       13.773671       145.69919      -8.7257305       -5.0261471                   -3.6995833       168.08177             168.08177
             11       73.612704       3.0655056      0.96509246       1.0409454     0.022348013      0.12832259     0.053891403       1.0047783       1.0003349   2.1445302e-09       64.564493        0.362991      0.15131547      0.63692231      0.24587307      0.24720479       2.4528806       7.7762008      0.84592571       1.0527745      0.50965953      0.65660803       2.1445302       1.9254076       13.827013       144.97457      -8.4347415       -4.8130093                   -3.6217322       164.09489             164.09489
             11       73.427895       3.0603052      0.96279837       1.0400667     0.022278509      0.12898518     0.050717763       1.0047783       1.0003349   2.1334067e-09       64.005492      0.37080687      0.15190856      0.62910492      0.24584337      0.24717499       2.4654421       7.4646395      0.84414123       1.0551313      0.51403063      0.65872183       2.1334067       1.9276171       13.862342       144.88383      -8.2556718       -4.6339396                   -3.6217322       163.36713             163.36713
              3       73.885703       3.0614063      0.96409715       1.0399397     0.022278674      0.12750076     0.053927858       1.0052428       0.9972187   2.1357572e-09       64.440106       0.3622476      0.15042431      0.63766537      0.24584345      0.24717506       2.4654122       7.7811492      0.84063045       1.0471936      0.50595032      0.65216351       2.1357572       1.9173913       13.861857       145.25647      -8.1779575       -4.8148062                   -3.3631513       164.12732             164.12732
              6       74.552783       3.0601673      0.96403505       1.0399615     0.022274149      0.12741921     0.053470508       1.0004603       1.0051385   2.1331125e-09       64.469932      0.36170539      0.15033822      0.63820766      0.24584151      0.24717312       2.4662334       7.7331098      0.83989679       1.0460376      0.50513029      0.65135037       2.1331125       1.9167694       13.861417       145.28197      -9.6702666       -4.7918354                   -4.8784312        168.4461              168.4461
              4        73.55191       3.0575078      0.96420905       1.0400162     0.022282288      0.12724844      0.05240437      0.99962623       1.0015385   2.1274471e-09       64.549975      0.36041862       0.1501756      0.63949465      0.24584499      0.24717661       2.4647567       7.6167454      0.83837223       1.0434913      0.50331571      0.64958904       2.1274471       1.9157591       13.858429       145.31623      -9.6171214       -4.7346783                   -4.8824431       166.33806             166.33806
             12       74.815486        3.032463      0.96073346       1.0404072     0.022087369      0.12608323     0.042752675      0.99962623       1.0015385   2.0748274e-09       64.898212      0.35333169      0.14881546      0.64658251      0.24576034      0.24709165       2.5004822       6.5908938      0.82467253       1.0236822      0.49019946      0.63580974       2.0748274       1.9047916       13.862877       145.82495      -8.8698023       -3.9873592                   -4.8824431       167.37058             167.37058
              2       76.242932       3.0348648      0.96139596       1.0404072     0.022087369      0.12608323     0.042752675      0.99866916       1.0002285   2.0798165e-09       64.898212      0.35333169      0.14881546      0.64658251      0.24576034      0.24709165       2.5004822       6.5908938      0.82586479       1.0251622      0.49090816      0.63672896       2.0798165       1.9093719       13.862877       145.82495      -8.7791675       -3.9873592                   -4.7918083        170.0442              170.0442
              5        75.82549       3.0317417      0.96160203       1.0402991     0.022087674      0.12563476     0.042033116       1.0009457      0.99847069   2.0733312e-09       65.010293      0.35105402       0.1483673      0.64886047      0.24576047      0.24709178       2.5004258       6.5035635      0.82320692       1.0209817      0.48774855      0.63365447       2.0733312       1.9061592       13.864642       145.93919      -8.7555841       -3.9150608                   -4.8405233       169.16215             169.16215
              8       68.885036       3.0382361      0.97074222       1.0408823     0.022409628      0.12206457     0.050031965       1.0009457      0.99847069   2.0868402e-09       66.668641      0.32649856      0.14511907      0.67342013      0.24589938       0.2472312       2.4418254       7.2634604      0.81703366        1.000643      0.46685346      0.61760424       2.0868402       1.8881304       13.801893       146.50626      -9.4298856       -4.5893623                   -4.8405233       156.62984             156.62984
              9        69.20253        3.039056      0.96916853       1.0408823     0.022409628      0.12206457     0.050031965       1.0009457      0.99847069   2.0885519e-09       66.668641      0.32649856      0.14511907      0.67342013      0.24589938       0.2472312       2.4418254       7.2634604       0.8168848       1.0004607       0.4667684      0.61749171       2.0885519       1.8896791       13.801893       146.50626      -9.4298856       -4.5893623                   -4.8405233       157.26483             157.26483
              2       68.717739       3.0433288      0.96928245       1.0409537     0.022433694      0.12268305     0.050930349       1.0009457      0.99847069   2.0974949e-09       66.501406      0.32959567      0.14576161      0.67032261      0.24590968      0.24724153       2.4375281       7.3619194      0.82061209       1.0062885      0.47111688      0.62177505       2.0974949       1.8943638       13.799634       146.31908      -9.4878567       -4.6473334                   -4.8405233       156.41119             156.41119
              8       68.562483       3.0426569      0.97037477       1.0409537     0.022433694      0.12268305     0.050930349       1.0009457      0.99847069   2.0960861e-09       66.501406      0.32959567      0.14576161      0.67032261      0.24590968      0.24724153       2.4375281       7.3619194      0.82067334       1.0063636      0.47115204      0.62182145       2.0960861       1.8930914       13.799634       146.31908      -9.4878567       -4.6473334                   -4.8405233       156.10068             156.10068
             12        69.04106       3.0391507      0.96905421       1.0409537     0.022433694      0.12268305     0.050930349       1.0009457      0.99847069   2.0887495e-09       66.501406      0.32959567      0.14576161      0.67032261      0.24590968      0.24724153       2.4375281       7.3619194      0.81882934       1.0041023      0.47009339      0.62042426       2.0887495       1.8864653       13.799634       146.31908      -9.4878567       -4.6473334                   -4.8405233       157.05783             157.05783
              1       71.665868       3.0396385      0.96436161       1.0409537     0.022433694      0.12268305     0.050930349       1.0009457      0.99847069   2.0897687e-09       66.501406      0.32959567      0.14576161      0.67032261      0.24590968      0.24724153       2.4375281       7.3619194      0.81758812       1.0025803       0.4693808      0.61948379       2.0897687       1.8873858       13.799634       146.31908      -9.4878567       -4.6473334                   -4.8405233       162.30745             162.30745
             16       71.122376       3.0412675      0.96425356       1.0408916     0.022431231      0.12282988     0.051507394       1.0009457      0.99847069   2.0931757e-09       66.428811       0.3306436      0.14590598      0.66927451      0.24590862      0.24724047       2.4379675       7.4248477      0.81863337       1.0044104      0.47072742      0.62076822       2.0931757       1.8882824       13.802279       146.28375      -9.5232004       -4.6826771                   -4.8405233       161.29115             161.29115
             11       68.677379       3.0437099      0.96501065       1.0410203      0.02248666       0.1232472     0.051706261      0.99922677      0.99907422   2.0982944e-09       66.376275      0.33224022      0.14637872      0.66767776      0.24593238      0.24726432       2.4281107       7.4401458      0.82108847       1.0078213      0.47327771       0.6233802       2.0982944       1.8921473       13.794335       146.11501      -9.5515035       -4.6945147                   -4.8569888       156.45777             156.45777
              2        69.92581       3.0445742      0.96517294       1.0410449     0.022490367      0.12319115     0.052209878      0.99740267       1.0050739   2.1001088e-09         66.4065      0.33181915      0.14632638      0.66809891      0.24593397      0.24726591       2.4274536       7.4909339       0.8213265        1.007884      0.47311483      0.62336325       2.1001088       1.8918769       13.793023       146.12543       -9.239127       -4.7237064                   -4.5154205       158.32987             158.32987
              3       70.495623       3.0436341      0.96360851       1.0403088     0.022385243      0.12258625     0.053488952      0.99740038        1.003735   2.0981353e-09       66.279511      0.33147562      0.14561636      0.66844212      0.24588896      0.24722074       2.4461915       7.6356969      0.81823877       1.0050563      0.47109213      0.62085896       2.0981353       1.8852701       13.823493       146.39751      -9.3075385       -4.7927798                   -4.5147587       159.60632             159.60632
              9       70.986329       3.0475265      0.96297158       1.0403088     0.022385243      0.12258625     0.053488952      0.99740038        1.003735    2.106318e-09       66.279511      0.33147562      0.14561636      0.66844212      0.24588896      0.24722074       2.4461915       7.6356969      0.81963793       1.0067749      0.47189768       0.6219206        2.106318       1.8926226       13.823493       146.39751      -9.3075385       -4.7927798                   -4.5147587       160.58773             160.58773
              8       72.955988       3.0473335      0.97160276       1.0405383     0.022627777      0.11750977     0.061285378      0.99740038        1.003735   2.1059116e-09       68.330123      0.30152548      0.14078242      0.69839712      0.24599282      0.24732498       2.4032809       8.2757284      0.80451679      0.97326031      0.44177092      0.59616451       2.1059116       1.8629806       13.771267       147.46526      -9.5713291       -5.0565704                   -4.5147587       165.05463             165.05463
              1       72.705884       3.0460609      0.97157184       1.0406258     0.022624203      0.11743226     0.060779146      0.99710968       1.0022148   2.1032332e-09       68.384447      0.30087323      0.14070133       0.6990495       0.2459913      0.24732345       2.4039052       8.2262858      0.80381801      0.97202865      0.44090955      0.59532431       2.1032332        1.862496       13.768664       147.48995      -9.4737381       -5.0476434                   -4.4260948       164.35925             164.35925
              7        72.56628       3.0459596      0.97241082       1.0406258     0.022624203      0.11743226     0.060779146      0.99699259        1.002339   2.1030202e-09       68.384447      0.30087323      0.14070133       0.6990495       0.2459913      0.24732345       2.4039052       8.2262858      0.80403481      0.97229082      0.44102847      0.59548488       2.1030202       1.8623073       13.768664       147.48995      -9.4353764       -5.0476434                   -4.3877331       164.00331             164.00331
             19         72.7981       3.0457781      0.97144039       1.0406258     0.022624203      0.11743226     0.060779146      0.99699259        1.002339   2.1026385e-09       68.384447      0.30087323      0.14070133       0.6990495       0.2459913      0.24732345       2.4039052       8.2262858      0.80366401      0.97184243      0.44082508      0.59521026       2.1026385       1.8619693       13.768664       147.48995      -9.4353764       -5.0476434                   -4.3877331       164.46695             164.46695
              2        71.65765       3.0744638      0.97359861       1.0412833      0.02275605      0.11943566     0.070676559      0.99709882       1.0011655   2.1638277e-09       68.002751      0.30887764      0.14283658      0.69104421      0.24604722      0.24737957       2.3810321       9.1703677      0.82297265      0.99798075      0.45738155      0.61352466       2.1638277       1.8785978       13.744488       146.81248      -9.4382272       -5.0156262                    -4.422601       162.19175             162.19175
              9       71.961884       3.0767818      0.97331539       1.0412833      0.02275605      0.11943566     0.070676559       1.0038605       1.0031266   2.1688492e-09       68.002751      0.30887764      0.14283658      0.69104421      0.24604722      0.24737957       2.3810321       9.1703677      0.82383789      0.99902998      0.45786242      0.61416969       2.1688492       1.8829573       13.744488       146.81248      -9.0778546       -5.0156262                   -4.0622284       162.07948             162.07948
              6       69.537518       3.0755685      0.97458017       1.0412833      0.02275605      0.11943566     0.070676559       1.0016641       1.0032153   2.1662193e-09       68.002751      0.30887764      0.14283658      0.69104421      0.24604722      0.24737957       2.3810321       9.1703677      0.82373617      0.99890663      0.45780589      0.61409386       2.1662193       1.8806741       13.744488       146.81248      -9.7519933       -5.0156262                    -4.736367       158.57902             158.57902
              2       71.239749       3.0735647      0.97195799       1.0412833      0.02275605      0.11943566     0.070676559       1.0016641       1.0032153   2.1618831e-09       68.002751      0.30887764      0.14283658      0.69104421      0.24604722      0.24737957       2.3810321       9.1703677      0.82208768      0.99690758      0.45688971      0.61286491       2.1618831       1.8769095       13.744488       146.81248      -9.7519933       -5.0156262                    -4.736367       161.98348             161.98348
              1       69.704278       3.0771969      0.97695508       1.0412833      0.02275605      0.11943566     0.070676559       1.0016641       1.0032153   2.1697498e-09       68.002751      0.30887764      0.14283658      0.69104421      0.24604722      0.24737957       2.3810321       9.1703677       0.8251562       1.0006286      0.45859509      0.61515248       2.1697498       1.8837392       13.744488       146.81248      -9.7519933       -5.0156262                    -4.736367       158.91254             158.91254
              2       68.634548       3.0781558      0.97514782       1.0412788     0.022657009      0.11959894     0.071276572       1.0016641       1.0032153   2.1718312e-09       67.861438      0.31030488      0.14290082      0.68961665      0.24600528      0.24733749       2.3981835       9.2550192      0.82596376       1.0026502      0.46010324       0.6164646       2.1718312       1.8832849       13.755282       146.87882      -9.7360554       -4.9996884                    -4.736367       156.74121             156.74121
              4       68.642429       3.0780282      0.97521207       1.0412788     0.022657009      0.11959894     0.071276572       1.0016641       1.0032153   2.1715541e-09       67.861438      0.31030488      0.14290082      0.68961665      0.24600528      0.24733749       2.3981835       9.2550192      0.82593133       1.0026109      0.46008518       0.6164404       2.1715541       1.8830447       13.755282       146.87882      -9.7360554       -4.9996884                    -4.736367       156.75697             156.75697
              7       68.690301       3.0789957      0.97559675       1.0412788     0.022657009      0.11959894     0.071276572       1.0016641       1.0032153    2.173656e-09       67.861438      0.31030488      0.14290082      0.68961665      0.24600528      0.24733749       2.3981835       9.2550192       0.8264523       1.0032433      0.46037538      0.61682923        2.173656       1.8848673       13.755282       146.87882      -9.7360554       -4.9996884                    -4.736367       156.85271             156.85271
              1        68.70203       3.0818695      0.97085658       1.0412788     0.022657009      0.11959894     0.071276572       1.0016641       1.0032153   2.1799119e-09       67.861438      0.31030488      0.14290082      0.68961665      0.24600528      0.24733749       2.3981835       9.2550192      0.82614623       1.0028718      0.46020489      0.61660079       2.1799119        1.890292       13.755282       146.87882      -9.7360554       -4.9996884                    -4.736367       156.87617             156.87617
             11       68.498233       3.0826236      0.97199641       1.0412004     0.022706694      0.11928865     0.072016758       1.0012749        1.002335   2.1815562e-09       67.985581      0.30860883      0.14264021      0.69131298      0.24602638      0.24735866       2.3895562       9.3040336      0.82545671       1.0011194      0.45856243      0.61524258       2.1815562       1.8889195       13.751315       146.90571      -9.7777291       -4.9778227                   -4.7999064       156.55192             156.55192
              3       68.319067       3.0783762      0.96928795       1.0404463     0.022622591      0.12023699      0.06883037       1.0012749        1.002335     2.17231e-09       67.330498      0.31654955      0.14350445      0.68337074      0.24599061      0.24732276       2.4041869       9.0466243       0.8257457         1.00633      0.46458712      0.61937938         2.17231       1.8929385       13.786224       146.74908      -9.8545361       -5.0546298                   -4.7999064       156.34721             156.34721
              1       68.065851       3.0785661      0.96992101       1.0408267     0.022685692      0.12091198     0.067345496       1.0012749        1.002335   2.1727225e-09       67.275797      0.31869529      0.14424254      0.68122487      0.24601748      0.24734973       2.3931975       8.9040447      0.82839394       1.0099677      0.46765409      0.62241611       2.1727225       1.8989289       13.771187       146.50286      -9.8749148       -5.0750084                   -4.7999064       155.88153             155.88153
             11       68.269321       3.0814628      0.96537349       1.0408267     0.022685692      0.12091198     0.067345496       1.0012749        1.002335   2.1790255e-09       67.275797      0.31869529      0.14424254      0.68122487      0.24601748      0.24734973       2.3931975       8.9040447      0.82816954       1.0096941      0.46752741      0.62224751       2.1790255       1.9044376       13.771187       146.50286      -9.8749148       -5.0750084                   -4.7999064       156.28847             156.28847
              9       68.369839       3.0818242      0.96526025       1.0407751     0.022680583      0.12094335     0.067506808       1.0012037       1.0033878   2.1798131e-09       67.243428      0.31906026       0.1442688      0.68085982      0.24601531      0.24734755       2.3940844       8.9210924       0.8283605         1.01017       0.4679029       0.6225691       2.1798131       1.9045114       13.773366       146.50025      -9.8829819        -5.073269                   -4.8097129       156.50564             156.50564
             10       68.047627        3.081321       0.9639697       1.0407751     0.022680583      0.12094335     0.067506808       1.0012037       1.0033878   2.1787165e-09       67.243428      0.31906026       0.1442688      0.68085982      0.24601531      0.24734755       2.3940844       8.9210924      0.82774896       1.0094242      0.46755747      0.62210948       2.1787165       1.9035533       13.773366       146.50025      -9.8829819        -5.073269                   -4.8097129       155.86122             155.86122
             13       67.789335       3.0792413      0.96350601       1.0407751     0.022680583      0.12094335     0.067506808       1.0012037       1.0033878     2.17419e-09       67.243428      0.31906026       0.1442688      0.68085982      0.24601531      0.24734755       2.3940844       8.9210924      0.82674406       1.0081988      0.46698985      0.62135423         2.17419       1.8995985       13.773366       146.50025      -9.8829819        -5.073269                   -4.8097129       155.34463             155.34463
              1       67.741955       3.0795433      0.96383754       1.0407751     0.022680583      0.12094335     0.067506808       1.0012037       1.0033878   2.1748468e-09       67.243428      0.31906026       0.1442688      0.68085982      0.24601531      0.24734755       2.3940844       8.9210924      0.82697232       1.0084771      0.46711878      0.62152579       2.1748468       1.9001724       13.773366       146.50025      -9.8829819        -5.073269                   -4.8097129       155.24987             155.24987
              1       67.765707       3.0801272      0.96422754       1.0407208     0.022696044      0.12081521     0.067975507       1.0012037       1.0033878    2.176117e-09       67.282442      0.31844146      0.14415612      0.68147871      0.24602187      0.24735413       2.3914016       8.9588964       0.8267887       1.0079608      0.46656197      0.62108628        2.176117       1.8995008       13.772921       146.51672      -9.8772718       -5.0675588                   -4.8097129       155.28596             155.28596
             10       67.392889       3.0755544      0.97032046       1.0407208     0.022696044      0.12081521     0.067975507       1.0012037       1.0033878   2.1661889e-09       67.282442      0.31844146      0.14415612      0.68147871      0.24602187      0.24735413       2.3914016       8.9588964      0.82680222       1.0079773       0.4665696      0.62109643       2.1661889       1.8908346       13.772921       146.51672      -9.8772718       -5.0675588                   -4.8097129       154.54032             154.54032
              6       67.003644       3.0756623      0.97020289       1.0407208     0.022696044      0.12081521     0.067975507       1.0018135       1.0017009   2.1664226e-09       67.282442      0.31844146      0.14415612      0.68147871      0.24602187      0.24735413       2.3914016       8.9588964      0.82681003       1.0079868        0.466574       0.6211023       2.1664226       1.8910386       13.772921       146.51672      -9.7750471       -5.0675588                   -4.7074882       153.55738             153.55738
              2       68.008555       3.0743925      0.96702026       1.0407208     0.022696044      0.12081521     0.067975507       1.0018135       1.0017009   2.1636734e-09       67.282442      0.31844146      0.14415612      0.68147871      0.24602187      0.24735413       2.3914016       8.9588964      0.82529125       1.0061353      0.46571694      0.61996138       2.1636734       1.8886389       13.772921       146.51672      -9.7750471       -5.0675588                   -4.7074882        155.5672              155.5672
              7       67.681952       3.0750373      0.96717802       1.0407208     0.022696044      0.12081521     0.067975507       1.0018135       1.0017009   2.1650691e-09       67.282442      0.31844146      0.14415612      0.68147871      0.24602187      0.24735413       2.3914016       8.9588964      0.82560659       1.0065197       0.4658949      0.62019827       2.1650691       1.8898571       13.772921       146.51672      -9.7750471       -5.0675588                   -4.7074882         154.914               154.914
              4       67.896022       3.0711641      0.96832992       1.0406443     0.022765356      0.12062166     0.066136139       1.0018135       1.0017009   2.1566993e-09       67.381569      0.31723157      0.14403188      0.68268884      0.24605113       0.2473835       2.3794299       8.7637104       0.8233583       1.0030401      0.46374268      0.61792101       2.1566993       1.8894895       13.767433       146.49115      -9.7918534       -5.0843651                   -4.7074882       155.37575             155.37575
              2       67.784214       3.0712536      0.96891525       1.0406443     0.022765356      0.12062166     0.066136139       1.0018135       1.0017009   2.1568925e-09       67.381569      0.31723157      0.14403188      0.68268884      0.24605113       0.2473835       2.3794299       8.7637104      0.82357763       1.0033073      0.46386621      0.61808562       2.1568925       1.8896587       13.767433       146.49115      -9.7918534       -5.0843651                   -4.7074882       155.15213             155.15213
             10       68.111907       3.0658602      0.96792447       1.0405195     0.022732117      0.12075348     0.063411711       1.0018135       1.0017009   2.1452907e-09       67.266419      0.31853646      0.14413046      0.68138367      0.24603713      0.24736945       2.3851598       8.5135551      0.82151304       1.0016484      0.46365403      0.61716921       2.1452907       1.8897634       13.775041       146.49325      -9.7891159       -5.0816277                   -4.7074882       155.80205             155.80205
              4       69.028821       3.0761176      0.97035813       1.0405263     0.022861907      0.12111937     0.067299693       1.0018135       1.0017009   2.1674092e-09       67.250196      0.31978618      0.14462614      0.68013392      0.24609139      0.24742391       2.3629067       8.8586982      0.82718324       1.0086836      0.46776914      0.62203761       2.1674092       1.8944587       13.763157       146.25555      -9.7829694       -5.0754812                   -4.7074882       157.62358             157.62358
              2       69.033708       3.0761183      0.97037509       1.0405263     0.022861907      0.12111937     0.067299693       1.0018135       1.0017009   2.1674107e-09       67.250196      0.31978618      0.14462614      0.68013392      0.24609139      0.24742391       2.3629067       8.8586982      0.82718884       1.0086904      0.46777231      0.62204183       2.1674107         1.89446       13.763157       146.25555      -9.7829694       -5.0754812                   -4.7074882       157.63335             157.63335
              4       68.941719        3.073885      0.96890086       1.0405263     0.022861907      0.12111937     0.067299693       1.0018135       1.0017009   2.1625756e-09       67.250196      0.31978618      0.14462614      0.68013392      0.24609139      0.24742391       2.3629067       8.8586982      0.82580481       1.0070027      0.46698965      0.62100105       2.1625756       1.8902339       13.763157       146.25555      -9.7829694       -5.0754812                   -4.7074882       157.44938             157.44938
              2       68.997097       3.0737632      0.96850757       1.0405263     0.022861907      0.12111937     0.067299693       1.0018135       1.0017009   2.1623122e-09       67.250196      0.31978618      0.14462614      0.68013392      0.24609139      0.24742391       2.3629067       8.8586982      0.82563168       1.0067916      0.46689174      0.62087085       2.1623122       1.8900036       13.763157       146.25555      -9.7829694       -5.0754812                   -4.7074882       157.56013             157.56013
              7         69.5313       3.0782172      0.97016899       1.0405263     0.022861907      0.12111937     0.067299693       1.0018135       1.0017009   2.1719645e-09       67.250196      0.31978618      0.14462614      0.68013392      0.24609139      0.24742391       2.3629067       8.8586982      0.82799275       1.0096707      0.46822692      0.62264637       2.1719645       1.8984403       13.763157       146.25555      -9.7829694       -5.0754812                   -4.7074882       158.62854             158.62854
              4       69.646218       3.0757907      0.97091795       1.0406654      0.02289029      0.12073062      0.06662284       1.0018135       1.0017009   2.1667007e-09       67.454944      0.31705583      0.14426578      0.68286475      0.24610313      0.24743569       2.3580827       8.7808189      0.82593787       1.0056352      0.46506671      0.61977109       2.1667007       1.8964049       13.754615       146.32574      -9.7888694       -5.0813811                   -4.7074882       158.87018             158.87018
              1        68.70623       3.0749134      0.96801478       1.0406654      0.02289029      0.12073062      0.06662284       1.0018135       1.0017009   2.1648006e-09       67.454944      0.31705583      0.14426578      0.68286475      0.24610313      0.24743569       2.3580827       8.7808189      0.82466729       1.0040882      0.46435127      0.61881767       2.1648006       1.8947418       13.754615       146.32574      -9.7888694       -5.0813811                   -4.7074882        156.9902              156.9902
             10       68.145643        3.078074      0.96778351        1.040894     0.022804219      0.11953365     0.070589056       1.0003299       1.0005965   2.1716536e-09       67.877571      0.31033518      0.14298273      0.68958638      0.24606741      0.24739984       2.3727577       9.1509905      0.82240322       0.9982094      0.45814221      0.61382215       2.1716536       1.8857221       13.751638       146.73361       -9.901974       -5.0178168                   -4.8841572       156.09523             156.09523
             17       71.962155       3.0832613       0.9760134        1.040894     0.022804219      0.11953365     0.070589056       1.0049885      0.99566011   2.1829479e-09       67.877571      0.31033518      0.14298273      0.68958638      0.24606741      0.24739984       2.3727577       9.1509905      0.82712824       1.0039445      0.46077441      0.61734879       2.1829479       1.8955293       13.751638       146.73361      -8.5255061       -5.0178168                   -3.5076892       160.97532             160.97532
              5       71.265322       3.0827336      0.97267873        1.040894     0.022804219      0.11953365     0.070589056       1.0049885      0.99566011   2.1817962e-09       67.877571      0.31033518      0.14298273      0.68958638      0.24606741      0.24739984       2.3727577       9.1509905      0.82585881       1.0024037      0.46006724      0.61640132       2.1817962       1.8945292       13.751638       146.73361      -8.5255061       -5.0178168                   -3.5076892       159.58166             159.58166
              3       69.601157       3.0838605      0.97393248        1.040894     0.022804219      0.11953365     0.070589056        1.005393       1.0014206   2.1842562e-09       67.877571      0.31033518      0.14298273      0.68958638      0.24606741      0.24739984       2.3727577       9.1509905      0.82671934       1.0034482      0.46054662       0.6170436       2.1842562       1.8966653       13.751638       146.73361       -8.292216       -5.0178168                   -3.2743991       155.78675             155.78675
              9        69.51903       3.0838461      0.97378913        1.040879     0.022800339      0.11961602     0.070457269        1.005393       1.0014206   2.1842249e-09       67.840401      0.31084589      0.14306123      0.68907559      0.24606579      0.24739821       2.3734226       9.1413662      0.82695489        1.004009      0.46105675      0.61747318       2.1842249       1.8971381       13.752816       146.71622       -8.295451       -5.0210519                   -3.2743991       155.62896             155.62896
              2        69.32462        3.085784       0.9717756        1.040879     0.022800339      0.11961602     0.070457269        1.005393       1.0014206   2.1884618e-09       67.840401      0.31084589      0.14306123      0.68907559      0.24606579      0.24739821       2.3734226       9.1413662      0.82712175       1.0042116      0.46114978      0.61759778       2.1884618       1.9008181       13.752816       146.71622       -8.295451       -5.0210519                   -3.2743991       155.24014             155.24014
              9       69.327311       3.0857339      0.97182508        1.040879     0.022800339      0.11961602     0.070457269        1.005393       1.0014206   2.1883522e-09       67.840401      0.31084589      0.14306123      0.68907559      0.24606579      0.24739821       2.3734226       9.1413662      0.82711663       1.0042054      0.46114692      0.61759395       2.1883522       1.9007229       13.752816       146.71622       -8.295451       -5.0210519                   -3.2743991       155.24552             155.24552
             31       69.368177       3.0853204      0.97088299        1.040879     0.022800339      0.11961602     0.070457269        1.005393       1.0014206   2.1874475e-09       67.840401      0.31084589      0.14306123      0.68907559      0.24606579      0.24739821       2.3734226       9.1413662      0.82664908       1.0036377      0.46088625      0.61724484       2.1874475       1.8999371       13.752816       146.71622       -8.295451       -5.0210519                   -3.2743991       155.32726             155.32726
             11       69.431059       3.0853892       0.9710171       1.0408912     0.022805264      0.11956745      0.07055275        1.005393       1.0014206   2.1875979e-09       67.865639      0.31051997      0.14301758      0.68940156      0.24606784      0.24740028       2.3725786       9.1480142      0.82654244       1.0033217      0.46058515      0.61700338       2.1875979        1.899705       13.751755       146.72357      -8.2931149       -5.0187158                   -3.2743991       155.44835             155.44835
              7        68.56263       3.0789358      0.96830267       1.0407479     0.022726265      0.12071371      0.06570646        1.005393       1.0014206   2.1735259e-09        67.35185      0.31762832      0.14408484      0.68229201      0.24603466      0.24736697       2.3861706       8.7344622      0.82712945       1.0078565      0.46615795      0.62094522       2.1735259       1.9058685       13.768655       146.51005      -8.3605236       -5.0861245                   -3.2743991       153.84631             153.84631
              7       68.685574       3.0797996      0.97065247       1.0407479     0.022726265      0.12071371      0.06570646        1.005393       1.0014206   2.1754043e-09        67.35185      0.31762832      0.14408484      0.68229201      0.24603466      0.24736697       2.3861706       8.7344622      0.82822339       1.0091895      0.46677448      0.62176647       2.1754043       1.9075155       13.768655       146.51005      -8.3605236       -5.0861245                   -3.2743991        154.0922              154.0922
              8       68.659015       3.0802192       0.9667471       1.0407479     0.022726265      0.12071371      0.06570646        1.005393       1.0014206   2.1763172e-09        67.35185      0.31762832      0.14408484      0.68229201      0.24603466      0.24736697       2.3861706       8.7344622       0.8271735       1.0079102      0.46618277      0.62097829       2.1763172        1.908316       13.768655       146.51005      -8.3605236       -5.0861245                   -3.2743991       154.03908             154.03908
              7       69.221487       3.0766488      0.96793737       1.0407479     0.022726265      0.12071371      0.06570646        1.005393       1.0014206   2.1685607e-09        67.35185      0.31762832      0.14408484      0.68229201      0.24603466      0.24736697       2.3861706       8.7344622      0.82606996       1.0065655      0.46556083      0.62014983       2.1685607       1.9015146       13.768655       146.51005      -8.3605236       -5.0861245                   -3.2743991       155.16402             155.16402
             12       68.760373       3.0783143       0.9724491       1.0407479     0.022726265      0.12071371      0.06570646        1.005393       1.0014206   2.1721755e-09        67.35185      0.31762832      0.14408484      0.68229201      0.24603466      0.24736697       2.3861706       8.7344622      0.82817241       1.0091274      0.46674575       0.6217282       2.1721755       1.9046844       13.768655       146.51005      -8.3605236       -5.0861245                   -3.2743991       154.24179             154.24179
              3        69.41912       3.0844857      0.96836717       1.0404792     0.022502106      0.12121045     0.068903663        1.005393       1.0014206   2.1856224e-09       66.904172      0.32250221      0.14435742      0.67741705        0.245939      0.24727097       2.4253747       9.1036113      0.83178642       1.0169163      0.47236551      0.62682311       2.1856224       1.9042597       13.801306       146.62704      -8.3277692       -5.0533701                   -3.2743991       155.49378             155.49378
             31       71.926661       3.0934005        0.964763       1.0404792     0.022502106      0.12121045     0.068903663       1.0061313       1.0054242   2.2051938e-09       66.904172      0.32250221      0.14435742      0.67741705        0.245939      0.24727097       2.4253747       9.1036113      0.83437055       1.0200756      0.47383301      0.62877048       2.2051938       1.9213116       13.801306       146.62704      -7.8550581       -5.0533701                    -2.801688       159.56344             159.56344
              3       72.314142        3.101856      0.96589848        1.040673     0.022579437      0.12199306     0.071321124       1.0061313       1.0054242   2.2239189e-09       66.764043      0.32578666      0.14521737      0.67413227      0.24597215      0.24730424       2.4117448       9.3259257      0.84073444        1.028934      0.47987209       0.6351732       2.2239189       1.9282804       13.790699       146.33799      -7.8001291       -4.9984412                    -2.801688       160.22854             160.22854
              6       72.270366       3.1024511      0.96611078       1.0408203     0.022584302      0.12192996     0.071659616       1.0061313       1.0054242   2.2252427e-09       66.838866      0.32492731      0.14515913       0.6749918      0.24597424      0.24730633       2.4108909       9.3552356      0.84097006       1.0286461      0.47937308      0.63493181       2.2252427       1.9281225       13.785565       146.34904      -7.7903649        -4.988677                    -2.801688       160.12146             160.12146
              7        73.65513       3.1032449      0.96794513       1.0408203     0.022584302      0.12192996     0.071659616       1.0058978       1.0044715   2.2270098e-09       66.838866      0.32492731      0.14515913       0.6749918      0.24597424      0.24730633       2.4108909       9.3552356       0.8418851       1.0297654      0.47989467      0.63562267       2.2270098       1.9296537       13.785565       146.34904      -7.9464287        -4.988677                   -2.9577517       163.20312             163.20312
             11       73.073469       3.1027385      0.96776796       1.0408203     0.022584302      0.12192996     0.071659616       1.0058978       1.0044715   2.2258824e-09       66.838866      0.32492731      0.14515913       0.6749918      0.24597424      0.24730633       2.4108909       9.3552356      0.84161582        1.029436      0.47974118      0.63541936       2.2258824       1.9286769       13.785565       146.34904      -7.9464287        -4.988677                   -2.9577517        162.0398              162.0398
              1       69.686666       3.0902955       0.9775422       1.0408203     0.022584302      0.12192996     0.071659616       1.0056309       1.0017051   2.1983573e-09       66.838866      0.32492731      0.14515913       0.6749918      0.24597424      0.24730633       2.4108909       9.3552356      0.83948869       1.0268342      0.47852866      0.63381338       2.1983573       1.9048269       13.785565       146.34904      -8.1173738        -4.988677                   -3.1286968       155.60808             155.60808
              9       71.879474       3.0866258      0.97296911       1.0408203     0.022584302      0.12192996     0.071659616       1.0073107      0.99952971   2.1903048e-09       66.838866      0.32492731      0.14515913       0.6749918      0.24597424      0.24730633       2.4108909       9.3552356      0.83650198       1.0231809      0.47682616      0.63155841       2.1903048       1.8978496       13.785565       146.34904      -6.9096768        -4.988677                   -1.9209998        157.5783              157.5783
              9       71.935201       3.0861624      0.97354893       1.0408203     0.022584302      0.12192996     0.071659616       1.0073202      0.99940141   2.1892901e-09       66.838866      0.32492731      0.14515913       0.6749918      0.24597424      0.24730633       2.4108909       9.3552356      0.83649139        1.023168      0.47682013      0.63155042       2.1892901       1.8969704       13.785565       146.34904       -6.901913        -4.988677                   -1.9132361       157.67423             157.67423
              2       69.886913       3.0969603      0.96837126       1.0408203     0.022584302      0.12192996     0.071659616       1.0054024      0.99945438   2.2130579e-09       66.838866      0.32492731      0.14515913       0.6749918      0.24597424      0.24730633       2.4108909       9.3552356      0.83937855       1.0266994      0.47846588      0.63373022       2.2130579       1.9175647       13.785565       146.34904      -8.2574635        -4.988677                   -3.2687866       156.28875             156.28875
             14       69.049055       3.0953815      0.96874913       1.0408203     0.022584302      0.12192996     0.071659616       1.0049124       1.0032262   2.2095667e-09       66.838866      0.32492731      0.14515913       0.6749918      0.24597424      0.24730633       2.4108909       9.3552356      0.83883563       1.0260354       0.4781564      0.63332032       2.2095667       1.9145397       13.785565       146.34904      -8.5382563        -4.988677                   -3.5495793       155.17462             155.17462
              8       68.646766       3.0893847      0.96889729       1.0407372     0.022552189      0.12074413      0.07094825       1.0049124       1.0032262   2.1963559e-09       67.193166      0.31881216      0.14394119       0.6811078      0.24596048      0.24729252       2.4165345       9.2737967      0.83247333       1.0155651      0.47004319      0.62553851       2.1963559       1.9058023       13.786685       146.69379       -8.558187       -5.0086077                   -3.5495793       154.40991             154.40991
             30        68.50229       3.0889318      0.96862338       1.0407355     0.022546995      0.12093125     0.070415361       1.0047938       1.0029302   2.1953615e-09       67.123483      0.31987821      0.14412311      0.68004159      0.24595825      0.24729029       2.4174491       9.2290361      0.83284789       1.0165493      0.47104025      0.62634246       2.1953615       1.9069708       13.788002       146.65053      -8.6355835       -5.0220644                   -3.6135191       154.27575             154.27575
              6       68.284411       3.0863767      0.96799529       1.0407355     0.022546995      0.12093125     0.070415361       1.0028719       1.0044259   2.1897592e-09       67.123483      0.31987821      0.14412311      0.68004159      0.24595825      0.24729029       2.4174491       9.2290361       0.8315874       1.0150108      0.47032734      0.62539451       2.1897592       1.9021044       13.788002       146.65053      -9.4540491       -5.0220644                   -4.4319847       155.47692             155.47692
              4       68.880606       3.0845855       0.9744762       1.0407355     0.022546995      0.12093125     0.070415361       1.0028719       1.0044259   2.1858404e-09       67.123483      0.31987821      0.14412311      0.68004159      0.24595825      0.24729029       2.4174491       9.2290361      0.83288092       1.0165896      0.47105893       0.6263673       2.1858404       1.8987004       13.788002       146.65053      -9.4540491       -5.0220644                   -4.4319847       156.66931             156.66931
