#        weight    minuslogpost            logA              ns    theta_MC_100           ombh2           omch2             tau           A_act           P_act              As              H0          omegam        omegamh2        omega_de             YHe             Y_p           DHBBN            zrei          sigma8            s8h5      s8omegamp5     s8omegamp25               A           clamp             age           rdrag   minuslogprior minuslogprior__0 minuslogprior__cal_dip_prior            chi2 chi2__act_dr6_cmbonly
              1       4950.4543       3.0879847      0.98007509       1.0427912     0.022685719      0.11885035     0.097908844       1.1260503       1.0486597   2.1932831e-09       68.658755      0.30161264      0.14218094       0.6983107      0.24601749      0.24734974       2.3931928       11.568025      0.83025804        1.001994      0.45597167      0.61528379       2.1932831       1.8032343        13.70429       147.04466       875.13339       -2.6805847                    877.81397       8150.6419             8150.6419
              2       3964.9501       3.0990532      0.99321796       1.0424206      0.02330723      0.11656923      0.10495164        1.122952      0.97370676   2.2176944e-09       69.873773       0.2878153      0.14052133      0.71211068      0.24627557      0.24760876       2.2888493       11.880362      0.82770081      0.99018487      0.44404841      0.60625014       2.2176944        1.797802       13.642893       146.96433       833.41312       -1.5402695                    834.95339        6263.074              6263.074
              1       3265.9802       3.0976782      0.99675338       1.0453817     0.023768832      0.12268263     0.090584851        1.115935      0.92198044   2.2146471e-09       69.121892      0.30787228      0.14709633      0.69205208      0.24646267      0.24779654       2.2156485       10.721262      0.85115068       1.0237611      0.47227151      0.63401437       2.2146471       1.8476663       13.534473       144.87513       738.19458       -3.6326011                    741.82718       5055.5712             5055.5712
              1       2490.3949       3.1109788       1.0048663       1.0453817     0.023768832      0.12268263     0.090584851       1.1029037      0.91377895   2.2443001e-09       69.121892      0.30787228      0.14709633      0.69205208      0.24646267      0.24779654       2.2156485       10.721262      0.85959116       1.0339133      0.47695481       0.6403016       2.2443001       1.8724056       13.534473       144.87513       579.76425       -3.6326011                    583.39685       3821.2614             3821.2614
              1       2035.4178       3.1350247       1.0082143       1.0454788     0.023902372      0.12287997      0.10155209       1.0946302      0.94934023   2.2989203e-09       69.202943      0.30784246      0.14742721      0.69208208      0.24651566      0.24784972       2.1951164        11.58733      0.87137948       1.0474783      0.48347229      0.64906689       2.2989203       1.8763631       13.518999       144.68322       490.48473        -2.118222                    492.60295       3089.8661             3089.8661
              1       1729.7189       3.1366106       1.0154572       1.0460591     0.024363998      0.12402869     0.098195924       1.0872399       0.9435696    2.302569e-09       69.412965      0.30932465      0.14903756      0.69060034      0.24669578      0.24803049       2.1262479        11.20678      0.87738372       1.0530992      0.48797417      0.65432454        2.302569       1.8919984       13.459974       143.90825       415.29383       -2.6384128                    417.93224       2628.8501             2628.8501
              2       1432.8875       3.1414903       1.0165526       1.0460591     0.024363998      0.12402869     0.098195924        1.078195      0.99018365   2.3138323e-09       69.412965      0.30932465      0.14903756      0.69060034      0.24669578      0.24803049       2.1262479        11.20678      0.87991468        1.056137      0.48938181      0.65621204       2.3138323       1.9012533       13.459974       143.90825        332.1635       -2.6384128                    334.80191       2201.4481             2201.4481
              3       959.02603       3.1477349       1.0317194       1.0460591     0.024363998      0.12402869     0.098195924       1.0662859      0.97603618   2.3283266e-09       69.412965      0.30932465      0.14903756      0.69060034      0.24669578      0.24803049       2.1262479        11.20678      0.88809028         1.06595      0.49392884      0.66230914       2.3283266       1.9131631       13.459974       143.90825       236.57225       -2.6384128                    239.21067       1444.9076             1444.9076
              1       960.25532       3.1466179       1.0314526       1.0460691     0.024348352      0.12396436      0.09781868       1.0662859      0.97603618   2.3257273e-09       69.424412      0.30905671      0.14895757      0.69086831      0.24668969      0.24802439       2.1285302        11.17939      0.88734488       1.0649675      0.49330048       0.6616099       2.3257273       1.9124697       13.461029       143.94069       236.51691       -2.6937542                    239.21067       1447.4768             1447.4768
              2       813.56688       3.1566004       1.0095492       1.0443728     0.023583612      0.13400481     0.088738952       1.0662859      0.97603618   2.3490602e-09       64.970193      0.37486038      0.15823329      0.62505401      0.24638784      0.24772143       2.2446026       10.868574      0.91709409       1.1377761      0.56149858       0.7175981       2.3490602       1.9670549       13.613814         142.281       235.37574       -3.8349273                    239.21067       1156.3823             1156.3823
              3       673.32549       3.1722266       1.0172836       1.0443728     0.023583612      0.13400481     0.088738952       1.0642209      0.96795048   2.3860552e-09       64.970193      0.37486038      0.15823329      0.62505401      0.24638784      0.24772143       2.2446026       10.868574      0.92704532       1.1501219      0.56759131      0.72538463       2.3860552       1.9980337       13.613814         142.281        220.4042       -3.8349273                    224.23912       905.84259             905.84259
              5       650.12041       3.1776831       1.0230824       1.0443728     0.023583612      0.13400481     0.088738952       1.0642209      0.96795048   2.3991105e-09       64.970193      0.37486038      0.15823329      0.62505401      0.24638784      0.24772143       2.2446026       10.868574      0.93166379       1.1558518        0.570419      0.72899844       2.3991105       2.0089659       13.613814         142.281        220.4042       -3.8349273                    224.23912       859.43243             859.43243
              3       642.37294       3.1786559       1.0250612        1.044223      0.02357651      0.13157101     0.093601835       1.0642209      0.96795048   2.4014454e-09       65.664537      0.36131371      0.15579238      0.63860247      0.24638498      0.24771856        2.245724       11.234612      0.92537242       1.1419606      0.55623559      0.71744343       2.4014454       1.9914582       13.613641       142.87275       220.96981       -3.2693114                    224.23912       842.80626             842.80626
              1       628.98207       3.1825499       1.0281158        1.044223      0.02357651      0.13157101     0.093601835       1.0642209      0.96795048    2.410815e-09       65.664537      0.36131371      0.15579238      0.63860247      0.24638498      0.24771856        2.245724       11.234612       0.9282805       1.1455493      0.55798362      0.71969807        2.410815       1.9992282       13.613641       142.87275       220.96981       -3.2693114                    224.23912       816.02451             816.02451
              1       470.42268       3.1314238       1.0143677       1.0441695     0.022889856      0.13081987     0.072498222       1.0552837      0.98765406    2.290657e-09       65.294472      0.36204849       0.1543546      0.63786675      0.24610295      0.24743551       2.3581564       9.5314324      0.90016612       1.1139981      0.54163414      0.69825547        2.290657       1.9814764       13.682755       143.77551       159.94117       -4.9622928                    164.90346       620.96302             620.96302
              4       407.54702       3.0818485       1.0130143       1.0401316     0.022865468      0.12766265     0.054940158       1.0552837      0.98765406    2.179866e-09       64.939008      0.35847832      0.15117299      0.64143599      0.24609287      0.24742539       2.3623006       7.7565436      0.86345621       1.0714884      0.51697765      0.66812241        2.179866       1.9530322       13.796835       144.58317       160.04112       -4.8623438                    164.90346        495.0118              495.0118
              4       196.16185       3.0905636       1.0037397       1.0401316     0.022865468      0.12766265     0.054940158       1.0376289      0.98571532   2.1989469e-09       64.939008      0.35847832      0.15117299      0.64143599      0.24609287      0.24742539       2.3623006       7.7565436       0.8641863       1.0723944      0.51741478      0.66868734       2.1989469       1.9701275       13.796835       144.58317        68.91031       -4.8623438                    73.772654       254.50308             254.50308
              4       174.58297       3.0915311       1.0024974       1.0401316     0.022865468      0.12766265     0.054940158       1.0340896      0.98936126   2.2010752e-09       64.939008      0.35847832      0.15117299      0.64143599      0.24609287      0.24742539       2.3623006       7.7565436      0.86419886         1.07241      0.51742229      0.66869706       2.2010752       1.9720343       13.796835       144.58317        54.80846       -4.8623438                    59.670804       239.54901             239.54901
              1       173.47559       3.0916853       1.0026682       1.0401316     0.022865468      0.12766265     0.054940158       1.0337475      0.99458998   2.2014147e-09       64.939008      0.35847832      0.15117299      0.64143599      0.24609287      0.24742539       2.3623006       7.7565436      0.86432123       1.0725619      0.51749556      0.66879174       2.2014147       1.9723385       13.796835       144.58317       53.519196       -4.8623438                    58.381539        239.9128              239.9128
              2       172.16247       3.0887258      0.99988465       1.0401316     0.022865468      0.12766265     0.054940158       1.0337475      0.99458998   2.1949092e-09       64.939008      0.35847832      0.15117299      0.64143599      0.24609287      0.24742539       2.3623006       7.7565436      0.86213722       1.0698517      0.51618793      0.66710181       2.1949092       1.9665099       13.796835       144.58317       53.519196       -4.8623438                    58.381539       237.28654             237.28654
              6       147.13124       3.0912266      0.99330851       1.0401316     0.022865468      0.12766265     0.054940158       1.0266916       1.0054955   2.2004052e-09       64.939008      0.35847832      0.15117299      0.64143599      0.24609287      0.24742539       2.3623006       7.7565436      0.86108186        1.068542      0.51555605       0.6662852       2.2004052        1.971434       13.796835       144.58317       29.827505       -4.8623438                    34.689849       234.60747             234.60747
             10        137.4432       3.0955077      0.98851734       1.0401316     0.022865468      0.12766265     0.054940158       1.0261744       1.0041621   2.2098455e-09       64.939008      0.35847832      0.15117299      0.64143599      0.24609287      0.24742539       2.3623006       7.7565436       0.8613768        1.068908      0.51573264      0.66651341       2.2098455        1.979892       13.796835       144.58317       28.308612       -4.8623438                    33.170956       218.26918             218.26918
              9       124.63971       3.0751627      0.98680204       1.0396122     0.022746486      0.12592666     0.048600964       1.0260496      0.99205249   2.1653404e-09       65.232183      0.35090405      0.14931801      0.64901102      0.24604319      0.24737553       2.3826801       7.0949175      0.84676672        1.048414      0.50160052      0.65171974       2.1653404       1.9647709       13.819201        145.1476       28.319235        -4.489615                     32.80885       192.64095             192.64095
              8        116.1993       3.0470606       0.9787428       1.0399388     0.022396937      0.12677997     0.034531523       1.0260496      0.99205249   2.1053369e-09       64.771387      0.35711537      0.14982178      0.64279849      0.24589395      0.24722575       2.4440963       5.5864892      0.83662892       1.0395402      0.49996217      0.64674787       2.1053369       1.9648433       13.847649       145.31012       29.784567       -3.0242823                     32.80885       172.82946             172.82946
             16       114.54505        3.047236      0.97874696       1.0399438     0.022398275      0.12681367     0.034551569       1.0258873      0.99700574   2.1057061e-09       64.763161      0.35728964      0.14985682       0.6426242      0.24589452      0.24722632       2.4438567       5.5890295      0.83680256        1.039822      0.50018794      0.64696101       2.1057061        1.965109       13.847468       145.30014       29.313549        -3.026996                    32.340545         170.463               170.463
              1       114.02254       3.0447844      0.98143694         1.04024     0.022570135      0.12710389     0.032013367       1.0258873      0.99700574   2.1005501e-09       64.909363      0.35677866      0.15031889      0.64313556      0.24596817      0.24730024       2.4133784       5.2574302      0.83716682       1.0391024      0.50004771      0.64701109       2.1005501       1.9702739       13.821973        145.0408       29.671351       -2.6691936                    32.340545       168.70239             168.70239
              5        113.5961       3.0451234      0.98043959         1.04024     0.022570135      0.12710389     0.032013367       1.0258873      0.99700574   2.1012623e-09       64.909363      0.35677866      0.15031889      0.64313556      0.24596817      0.24730024       2.4133784       5.2574302      0.83699749       1.0388922      0.49994657      0.64688022       2.1012623       1.9709419       13.821973        145.0408       29.671351       -2.6691936                    32.340545        167.8495              167.8495
              8       114.16915       3.0300187      0.97737409       1.0401873     0.022447696        0.127326     0.024670215       1.0259353      0.99730256    2.069762e-09       64.718261      0.35912674      0.15041856      0.64078698      0.24591567      0.24724755       2.4350332        4.339211      0.83078221        1.032699      0.49786438      0.64313052        2.069762       1.9701175       13.836682       145.11723       31.005886       -1.4728079                    32.478694       166.32652             166.32652
              1       109.65623       3.0334193       0.9780193       1.0401281     0.022360812      0.12500922     0.030831308       1.0067455       1.0076706   2.0768125e-09       65.385813      0.34620902       0.1480149      0.65370645      0.24587853      0.24721027       2.4505777       5.1242768      0.82584126       1.0213035       0.4859211      0.63347746       2.0768125       1.9526192       13.839944       145.79993      -4.8551013       -2.4927903                    -2.362311       229.02266             229.02266
              3       95.871719       2.9959293      0.98614475       1.0412929     0.022624203      0.11914275      0.02117293       1.0087815      0.99974945   2.0003942e-09       67.999577      0.30798786      0.14241182      0.69193398       0.2459913      0.24732345       2.4039053       3.7944267      0.79470054      0.96371896      0.44103221      0.59202072       2.0003942       1.9174543       13.756255       147.03548      -1.4248189      -0.81876226                   -0.6060566       194.59308             194.59308
              8         94.8486       2.9758352      0.97832638       1.0407404     0.022395865      0.12229359    0.0067831963       1.0088404      0.99987022    1.960599e-09        66.53169      0.32833038      0.14533432      0.67158798      0.24589349      0.24722529       2.4442882       1.4957667      0.79484492      0.97446921      0.45544709      0.60167251        1.960599       1.9341804       13.808396       146.46185       1.8959541        2.4443136                  -0.54835945       185.90529             185.90529
              3       86.889513       2.9747441      0.97164569       1.0407404     0.022395865      0.12229359    0.0067831963       1.0088404      0.99987022   1.9584612e-09        66.53169      0.32833038      0.14533432      0.67158798      0.24589349      0.24722529       2.4442882       1.4957667      0.79241453      0.97148959      0.45405448      0.59983278       1.9584612       1.9320713       13.808396       146.46185       1.8959541        2.4443136                  -0.54835945       169.98712             169.98712
              5       85.003468       2.9620854        0.972669       1.0407404     0.022395865      0.12229359    0.0067831963       1.0088281       1.0026837   1.9338257e-09        66.53169      0.32833038      0.14533432      0.67158798      0.24589349      0.24722529       2.4442882       1.4957667      0.78771803      0.96573174      0.45136338      0.59627768       1.9338257       1.9077678       13.808396       146.46185       1.8838401        2.4443136                   -0.5604735       166.23926             166.23926
              5       84.262843       2.9987322      0.96505054       1.0398659     0.022233931      0.12965964     0.012856428       1.0088281       1.0026837   2.0060088e-09       63.688563      0.37605934      0.15253844      0.62385156      0.24582423      0.24715578       2.4735495       2.6277107      0.82098624       1.0287389      0.50345895      0.64290969       2.0060088       1.9550861        13.87478        144.7636      0.39440877       0.95488227                   -0.5604735       167.73687             167.73687
              6       83.279768       3.0012919      0.95959901       1.0398659     0.022233931      0.12965964     0.012856428       1.0088281       1.0026837   2.0111503e-09       63.688563      0.37605934      0.15253844      0.62385156      0.24582423      0.24715578       2.4735495       2.6277107      0.82040698        1.028013      0.50310373      0.64245608       2.0111503       1.9600971        13.87478        144.7636      0.39440877       0.95488227                   -0.5604735       165.77072             165.77072
              1       82.000321       2.9953818      0.96375507       1.0398659     0.022233931      0.12965964     0.012856428       1.0099781      0.99759494   1.9992991e-09       63.688563      0.37605934      0.15253844      0.62385156      0.24582423      0.24715578       2.4735495       2.6277107      0.81922498       1.0265319      0.50237888      0.64153046       1.9992991       1.9485467        13.87478        144.7636       1.5959423       0.95488227                   0.64106002       160.80876             160.80876
              1       79.239297       2.9995112      0.96692637       1.0401361     0.022346103      0.12856082     0.016289313       1.0099781      0.99759494   2.0075721e-09       64.219721      0.36747199      0.15155179      0.63244039      0.24587225      0.24720397       2.4532244       3.1626136      0.81880122       1.0217491      0.49635294      0.63750639       2.0075721       1.9432221       13.852175       144.91707      0.82656209       0.18550207                   0.64106002       156.82547             156.82547
             12       79.673061       2.9966214      0.96323144       1.0401361     0.022346103      0.12856082     0.016289313       1.0099781      0.99759494    2.001779e-09       64.219721      0.36747199      0.15155179      0.63244039      0.24587225      0.24720397       2.4532244       3.1626136      0.81651118       1.0188915      0.49496473       0.6357234        2.001779       1.9376146       13.852175       144.91707      0.82656209       0.18550207                   0.64106002         157.693               157.693
              2       79.565163       2.9967495      0.96339824       1.0401361     0.022346103      0.12856082     0.016289313       1.0099781      0.99759494   2.0020356e-09       64.219721      0.36747199      0.15155179      0.63244039      0.24587225      0.24720397       2.4532244       3.1626136      0.81661345       1.0190191      0.49502672      0.63580302       2.0020356        1.937863       13.852175       144.91707      0.82656209       0.18550207                   0.64106002        157.4772              157.4772
              6       80.815016       2.9932318      0.96568764       1.0401361     0.022346103      0.12856082     0.016289313       1.0100435      0.99850255   1.9950054e-09       64.219721      0.36747199      0.15155179      0.63244039      0.24587225      0.24720397       2.4532244       3.1626136      0.81586331        1.018083        0.494572      0.63521898       1.9950054       1.9310581       13.852175       144.91707      0.89933056       0.18550207                   0.71382849       159.83137             159.83137
              7        78.88611       3.0002912      0.96503336       1.0401361     0.022346103      0.12856082     0.016289313       1.0100248      0.99883209   2.0091387e-09       64.219721      0.36747199      0.15155179      0.63244039      0.24587225      0.24720397       2.4532244       3.1626136      0.81855157       1.0214376      0.49620161      0.63731202       2.0091387       1.9447385       13.852175       144.91707      0.87846827       0.18550207                    0.6929662       156.01528             156.01528
             12       80.568571        2.997068      0.96102731       1.0401361     0.022346103      0.12856082     0.016289313       1.0100248      0.99883209   2.0026731e-09       64.219721      0.36747199      0.15155179      0.63244039      0.24587225      0.24720397       2.4532244       3.1626136       0.8160343       1.0182964      0.49467565       0.6353521       2.0026731       1.9384801       13.852175       144.91707      0.87846827       0.18550207                    0.6929662       159.38021             159.38021
             11       81.480557       2.9978239      0.95870798       1.0401361     0.022346103      0.12856082     0.016289313       1.0100248      0.99883209   2.0041876e-09       64.219721      0.36747199      0.15155179      0.63244039      0.24587225      0.24720397       2.4532244       3.1626136      0.81565026       1.0178172      0.49444285       0.6350531       2.0041876        1.939946       13.852175       144.91707      0.87846827       0.18550207                    0.6929662       161.20418             161.20418
              1       81.571798       3.0074976      0.96393194       1.0401361     0.022346103      0.12856082     0.016289313       1.0109202      0.99974378   2.0236696e-09       64.219721      0.36747199      0.15155179      0.63244039      0.24587225      0.24720397       2.4532244       3.1626136      0.82117443       1.0247106      0.49779157      0.63935413       2.0236696       1.9588035       13.852175       144.91707       1.9203662       0.18550207                    1.7348642       159.30286             159.30286
              4       81.551272       3.0104949      0.96350967       1.0403012     0.022325541      0.12886677     0.017264665       1.0109202      0.99974378   2.0297443e-09        64.15934      0.36885728      0.15183718      0.63105493      0.24586348      0.24719517       2.4569314       3.3148719      0.82338192       1.0279486      0.50006966      0.64167618       2.0297443       1.9608548        13.85017       144.86263       1.7113244     -0.023539795                    1.7348642        159.6799              159.6799
             44       77.945706       3.0247946      0.96613203       1.0401298     0.022325295      0.12657505     0.028452081       1.0109202      0.99974378   2.0589775e-09          64.842      0.35568023      0.14954521      0.64423382      0.24586337      0.24719506       2.4569758       4.8439874      0.82339837       1.0225435        0.491066      0.63587966       2.0589775       1.9450843       13.848566       145.44012      -0.3840352       -2.1188994                    1.7348642       156.65948             156.65948
              2       77.874272       3.0246764      0.96407428       1.0401298     0.022325295      0.12657505     0.028452081       1.0109202      0.99974378   2.0587341e-09          64.842      0.35568023      0.14954521      0.64423382      0.24586337      0.24719506       2.4569758       4.8439874      0.82272501       1.0217073      0.49066441      0.63535965       2.0587341       1.9448544       13.848566       145.44012      -0.3840352       -2.1188994                    1.7348642       156.51661             156.51661
              3       77.455999       3.0208911      0.95767615       1.0401298     0.022325295      0.12657505     0.028452081       1.0085546       0.9983865   2.0509559e-09          64.842      0.35568023      0.14954521      0.64423382      0.24586337      0.24719506       2.4569758       4.8439874      0.81923809       1.0173771      0.48858485      0.63266683       2.0509559       1.9375065       13.848566       145.44012       -2.943497       -2.1188994                  -0.82459763       160.79899             160.79899
              3       74.818856       3.0292086      0.95894265       1.0403266     0.022387062        0.126887     0.031697383       1.0085546       0.9983865   2.0680859e-09       64.856482      0.35640984      0.14991892      0.64350425      0.24588973      0.24722152       2.4458654       5.2452759      0.82391954       1.0230765      0.49188054      0.63660819       2.0680859       1.9410494       13.837341       145.29392      -3.4472439       -2.6226462                  -0.82459763        156.5322              156.5322
             18       71.902317       3.0214367      0.95967265       1.0403266     0.022387062        0.126887     0.031697383       1.0038124      0.99724988   2.0520752e-09       64.856482      0.35640984      0.14991892      0.64350425      0.24588973      0.24722152       2.4458654       5.2452759      0.82094457       1.0193824      0.49010449      0.63430956       2.0520752       1.9260222       13.837341       145.29392      -6.7054037       -2.6226462                   -4.0827575       157.21544             157.21544
              2       75.759555       3.0283926      0.95763697       1.0403266     0.022387062        0.126887     0.031697383       1.0038124      0.99724988   2.0663991e-09       64.856482      0.35640984      0.14991892      0.64350425      0.24588973      0.24722152       2.4458654       5.2452759      0.82318798       1.0221681       0.4914438      0.63604295       2.0663991       1.9394662       13.837341       145.29392      -6.7054037       -2.6226462                   -4.0827575       164.92992             164.92992
              5       73.039991       3.0720773      0.96514045       1.0412969     0.022456395      0.12240327     0.060650293       1.0038124      0.99724988   2.1586697e-09       66.729981      0.32676423      0.14550453      0.67315461       0.2459194      0.24725129       2.4334852        8.341175      0.83054076       1.0167178      0.47476446      0.62794206       2.1586697       1.9120798       13.786041       146.36669      -9.1279468       -5.0451893                   -4.0827575       164.33588             164.33588
             22       74.138555        3.074354       0.9655688       1.0412969     0.022456395      0.12240327     0.060650293       1.0038124      0.99724988   2.1635901e-09       66.729981      0.32676423      0.14550453      0.67315461       0.2459194      0.24725129       2.4334852        8.341175      0.83162071       1.0180399       0.4753818      0.62875858       2.1635901       1.9164382       13.786041       146.36669      -9.1279468       -5.0451893                   -4.0827575         166.533               166.533
             12       72.111757       3.0712626      0.96244585       1.0408758     0.022386531      0.12430016     0.056192372       1.0035811        1.004142   2.1569118e-09       65.891179      0.33934483      0.14733156      0.66057194      0.24588951      0.24722129       2.4459605       7.9410585      0.83524674       1.0289663      0.48655888      0.63749252       2.1569118       1.9276328       13.812509       145.95356      -9.0926095       -4.9148463                   -4.1777632       162.40873             162.40873
             10       71.841094       3.0711852      0.96219849       1.0407555     0.022374206      0.12429331     0.056256292       1.0035811        1.004142    2.156745e-09       65.843302      0.33979425      0.14731238      0.66012239      0.24588424      0.24721601       2.4481716       7.9500853      0.83503955        1.029085       0.4867602      0.63754531        2.156745       1.9272373       13.817338       145.96883      -9.0951025       -4.9173393                   -4.1777632       161.87239             161.87239
             23       70.594551       3.0778107      0.97418698       1.0406376     0.022715038      0.11756066     0.070058914       1.0033371       1.0017308    2.171082e-09       68.417536      0.30105061      0.14092057      0.69887218      0.24602991      0.24736221       2.3881119       9.0858085      0.81755697      0.98840358      0.44857781       0.6055889        2.171082       1.8872256       13.759743       147.35461      -9.3018798       -5.0303611                   -4.2715187       159.79286             159.79286
             13       71.525568       3.0768805      0.97734311       1.0406376     0.022715038      0.11756066     0.070058914       1.0023543       1.0028825   2.1690633e-09       68.417536      0.30105061      0.14092057      0.69887218      0.24602991      0.24736221       2.3881119       9.0858085      0.81816486      0.98913851      0.44891135      0.60603918       2.1690633       1.8854708       13.759743       147.35461       -9.612645       -5.0303611                   -4.5822838       162.27642             162.27642
              1       71.221071        3.070673      0.98127875       1.0406376     0.022715038      0.11756066     0.070058914       1.0023543       1.0028825   2.1556405e-09       68.417536      0.30105061      0.14092057      0.69887218      0.24602991      0.24736221       2.3881119       9.0858085      0.81686172      0.98756304      0.44819634      0.60507391       2.1556405        1.873803       13.759743       147.35461       -9.612645       -5.0303611                   -4.5822838       161.66743             161.66743
             13       71.645652       3.0690923      0.97920962       1.0406376     0.022715038      0.11756066     0.070058914         1.00256       1.0037126   2.1522357e-09       68.417536      0.30105061      0.14092057      0.69887218      0.24602991      0.24736221       2.3881119       9.0858085      0.81556845      0.98599951      0.44748674      0.60411594       2.1522357       1.8708434       13.759743       147.35461      -9.5564764       -5.0303611                   -4.5261153       162.40426             162.40426
              1       69.447307       3.0819661      0.97868948       1.0410062     0.022675324       0.1182296     0.075296067       1.0034671       1.0010482   2.1801223e-09        68.26949      0.30370777      0.14154979      0.69621469      0.24601307      0.24734531        2.394998        9.590267      0.82354793      0.99672546       0.4538547      0.61136821       2.1801223       1.8753379       13.755721       147.22071        -9.07404        -4.851658                    -4.222382       157.04269             157.04269
              6       69.356015        3.081667      0.98131484       1.0410062     0.022675324       0.1182296     0.075296067       1.0034671       1.0010482   2.1794704e-09        68.26949      0.30370777      0.14154979      0.69621469      0.24601307      0.24734531        2.394998        9.590267      0.82425448      0.99758058      0.45424407      0.61189273       2.1794704       1.8747771       13.755721       147.22071        -9.07404        -4.851658                    -4.222382       156.86011             156.86011
              1       69.374617       3.0815509      0.98113784       1.0410062     0.022675324       0.1182296     0.075296067       1.0034671       1.0010482   2.1792174e-09        68.26949      0.30370777      0.14154979      0.69621469      0.24601307      0.24734531        2.394998        9.590267      0.82415064      0.99745491      0.45418685      0.61181564       2.1792174       1.8745595       13.755721       147.22071        -9.07404        -4.851658                    -4.222382       156.89731             156.89731
              1       68.911264       3.0740451       0.9773054       1.0412456     0.022542675      0.11967114     0.069506965       1.0034671       1.0010482   2.1629218e-09       67.729982      0.31141872      0.14285868       0.6885025       0.2459564      0.24728843       2.4182102        9.121379      0.82565222       1.0032442      0.46075442      0.61678433       2.1629218        1.882209         13.7681       146.98635      -9.2644761       -5.0420942                    -4.222382       156.35148             156.35148
              8       68.175833       3.0796993      0.97703081       1.0410349     0.022601749      0.12142141     0.069032892       1.0034671       1.0010482    2.175186e-09       67.099778      0.32131455      0.14466803      0.67860518       0.2459817      0.24731382       2.4078328       9.0949525      0.83335694       1.0173503      0.47238517      0.62742765        2.175186       1.8946771       13.775444       146.46222      -9.2734729       -5.0510909                    -4.222382       154.89861             154.89861
              5       68.196438       3.0797364      0.97705693       1.0410349     0.022601749      0.12142141     0.069032892       1.0034671       1.0010482   2.1752667e-09       67.099778      0.32131455      0.14466803      0.67860518       0.2459817      0.24731382       2.4078328       9.0949525      0.83338065       1.0173792      0.47239861       0.6274455       2.1752667       1.8947473       13.775444       146.46222      -9.2734729       -5.0510909                    -4.222382       154.93982             154.93982
             31       71.376915       3.0785035      0.97467872       1.0410349     0.022601749      0.12142141     0.069032892       1.0033282      0.99377123   2.1725865e-09       67.099778      0.32131455      0.14466803      0.67860518       0.2459817      0.24731382       2.4078328       9.0949525      0.83211618       1.0158356      0.47168185      0.62649349       2.1725865       1.8924128       13.775444       146.46222      -9.3259277       -5.0510909                   -4.2748368       161.40568             161.40568
              8       73.062004       3.0795607      0.97788788       1.0410349     0.022601749      0.12142141     0.069032892       1.0033282      0.99377123   2.1748846e-09       67.099778      0.32131455      0.14466803      0.67860518       0.2459817      0.24731382       2.4078328       9.0949525      0.83357035       1.0176108      0.47250614      0.62758833       2.1748846       1.8944145       13.775444       146.46222      -9.3259277       -5.0510909                   -4.2748368       164.77586             164.77586
              6        68.94919       3.0759089      0.97569992       1.0410349     0.022601749      0.12142141     0.069032892       1.0038955      0.99670277   2.1669569e-09       67.099778      0.32131455      0.14466803      0.67860518       0.2459817      0.24731382       2.4078328       9.0949525      0.83135921       1.0149115      0.47125276      0.62592357       2.1669569       1.8875092       13.775444       146.46222      -9.0982468       -5.0510909                   -4.0471559       156.09487             156.09487
              1       68.943288       3.0718119      0.98258944       1.0410349     0.022601749      0.12142141     0.069032892       1.0017234         1.00004   2.1580971e-09       67.099778      0.32131455      0.14466803      0.67860518       0.2459817      0.24731382       2.4078328       9.0949525      0.83183246       1.0154892      0.47152102      0.62627989       2.1580971       1.8797919       13.775444       146.46222      -9.7762827       -5.0510909                   -4.7251918       157.43914             157.43914
             25       68.406906        3.068495      0.97914505       1.0410349     0.022601749      0.12142141     0.069032892       1.0017234         1.00004   2.1509506e-09       67.099778      0.32131455      0.14466803      0.67860518       0.2459817      0.24731382       2.4078328       9.0949525      0.82936696       1.0124794      0.47012346      0.62442363       2.1509506        1.873567       13.775444       146.46222      -9.7762827       -5.0510909                   -4.7251918       156.36638             156.36638
             17       67.950422       3.0638559      0.97437353       1.0409897     0.022484668      0.12432708     0.062100831       1.0017234         1.00004   2.1409952e-09       66.001459      0.33849884      0.14745661      0.66141821      0.24593152      0.24726346       2.4284639       8.5103662      0.83569003        1.028652      0.48620992      0.63743296       2.1409952       1.8909306       13.799246       145.83934      -9.7937472       -5.0685554                   -4.7251918       155.48834             155.48834
              1       67.836059       3.0651364      0.97124516       1.0409897     0.022484668      0.12432708     0.062100831       1.0017251        1.000041   2.1437387e-09       66.001459      0.33849884      0.14745661      0.66141821      0.24593152      0.24726346       2.4284639       8.5103662       0.8352446       1.0281037      0.48595076      0.63709321       2.1437387       1.8933537       13.799246       145.83934      -9.7934329       -5.0685554                   -4.7248775       155.25898             155.25898
             30       66.902678       3.0533172      0.97110948       1.0405445     0.022507772      0.12411875     0.056665148       1.0017251        1.000041   2.1185505e-09       65.942346      0.33868004      0.14727139      0.66123685      0.24594143      0.24727341       2.4243722         7.95758      0.82908208       1.0209755      0.48249446      0.63247728       2.1185505       1.8915599       13.809504       145.86757      -9.6577339       -4.9328564                   -4.7248775       153.12082             153.12082
              6       69.509578       3.0457991      0.96879985       1.0405445     0.022507772      0.12411875     0.056665148      0.99965211      0.99578949   2.1026828e-09       65.942346      0.33868004      0.14727139      0.66123685      0.24594143      0.24727341       2.4243722         7.95758      0.82525828       1.0162667      0.48026915      0.62956024       2.1026828       1.8773923       13.809504       145.86757       -9.816337       -4.9328564                   -4.8834807       158.65183             158.65183
              6       66.977738       3.0534792      0.96901307       1.0405445     0.022507772      0.12411875     0.056665148       1.0003398      0.99721192   2.1188936e-09       65.942346      0.33868004      0.14727139      0.66123685      0.24594143      0.24727341       2.4243722         7.95758       0.8284994        1.020258      0.48215536      0.63203277       2.1188936       1.8918662       13.809504       145.86757      -9.8166474       -4.9328564                    -4.883791       153.58877             153.58877
              1       67.931608       3.0548487      0.97017744       1.0402345     0.022532746      0.12323847     0.058895389       1.0003398      0.99721192   2.1217974e-09        66.15585      0.33454326      0.14641608      0.66537417      0.24595215      0.24728416       2.4199608       8.1609039      0.82625587        1.015852      0.47790403      0.62838763       2.1217974       1.8860275       13.813149       146.06677      -9.8882107       -5.0044197                    -4.883791       155.63964             155.63964
              1       68.144769       3.0576502      0.96699877       1.0402345     0.022532746      0.12323847     0.058895389       1.0003398      0.99721192     2.12775e-09        66.15585      0.33454326      0.14641608      0.66537417      0.24595215      0.24728416       2.4199608       8.1609039      0.82643076        1.016067      0.47800519      0.62852064         2.12775       1.8913187       13.813149       146.06677      -9.8882107       -5.0044197                    -4.883791       156.06596             156.06596
             10       69.177628       3.0600566      0.96974457       1.0402345     0.022532746      0.12323847     0.058895389       1.0003398      0.99721192   2.1328764e-09        66.15585      0.33454326      0.14641608      0.66537417      0.24595215      0.24728416       2.4199608       8.1609039      0.82827597       1.0183356      0.47907246      0.62992397       2.1328764       1.8958754       13.813149       146.06677      -9.8882107       -5.0044197                    -4.883791       158.13168             158.13168
              3       67.556714       3.0573688      0.96972469       1.0402345     0.022532746      0.12323847     0.058895389       0.9997553       1.0001196   2.1271513e-09        66.15585      0.33454326      0.14641608      0.66537417      0.24595215      0.24728416       2.4199608       8.1609039      0.82715744       1.0169604       0.4784255       0.6290733       2.1271513       1.8907865       13.813149       146.06677      -9.8912974       -5.0044197                   -4.8868778       154.89602             154.89602
              6        67.40623       3.0566932      0.96956176       1.0402345     0.022532746      0.12323847     0.058895389       0.9997553       1.0001196   2.1257148e-09        66.15585      0.33454326      0.14641608      0.66537417      0.24595215      0.24728416       2.4199608       8.1609039      0.82682768        1.016555      0.47823477      0.62882251       2.1257148       1.8895097       13.813149       146.06677      -9.8912974       -5.0044197                   -4.8868778       154.59506             154.59506
              5        67.90076       3.0648024      0.96912172       1.0402053     0.022530413      0.12415316     0.061311501       0.9997553       1.0001196   2.1430226e-09       65.836896      0.33989745      0.14732844      0.66001918      0.24595115      0.24728315       2.4203723       8.4168462      0.83289548       1.0264926       0.4855841       0.6359566       2.1430226       1.8957116       13.817487       145.83398       -9.943878       -5.0570002                   -4.8868778       155.68928             155.68928
              9       74.580128       3.0873171      0.97933475       1.0402133     0.022717843      0.11735267     0.083698611      0.99953849       1.0006061   2.1918194e-09       68.351669      0.30119192      0.14071538      0.69873072       0.2460311       0.2473634       2.3876267       10.305415      0.82192012      0.99415717      0.45107761      0.60889224       2.1918194       1.8539802       13.771188       147.40696      -9.1886317       -4.3102602                   -4.8783715       167.53752             167.53752
             10        73.61167       3.0910542       0.9798454       1.0402133     0.022717843      0.11735267     0.083698611      0.99953849       1.0006061   2.2000258e-09       68.351669      0.30119192      0.14071538      0.69873072       0.2460311       0.2473634       2.3876267       10.305415      0.82361844      0.99621138      0.45200967      0.61015039       2.2000258       1.8609216       13.771188       147.40696      -9.1886317       -4.3102602                   -4.8783715        165.6006              165.6006
              2        72.51653       3.0924722      0.98035981       1.0403627     0.022738947      0.11731236     0.084335835      0.99953849       1.0006061   2.2031476e-09       68.433935      0.30042721      0.14069617      0.69949563      0.24604001      0.24737234       2.3839806       10.354204       0.8242637      0.99639242      0.45178916      0.61024044       2.2031476       1.8611888       13.764417       147.39427      -9.1347729       -4.2564013                   -4.8783715       163.30261             163.30261
             15       74.732069       3.0973721      0.97474807       1.0403627     0.022738947      0.11731236     0.084335835      0.99929244      0.99655465   2.2139693e-09       68.433935      0.30042721      0.14069617      0.69949563      0.24604001      0.24737234       2.3839806       10.354204      0.82451124      0.99669166      0.45192484      0.61042371       2.2139693       1.8703308       13.764417       147.39427      -9.1187921       -4.2564013                   -4.8623907       167.70172             167.70172
              1       72.955991       3.0938137      0.97699479       1.0403627     0.022738947      0.11731236     0.084335835      0.99850044      0.99896143   2.2061053e-09       68.433935      0.30042721      0.14069617      0.69949563      0.24604001      0.24737234       2.3839806       10.354204      0.82375362      0.99577582      0.45150958      0.60986281       2.2061053       1.8636874       13.764417       147.39427      -9.0216786       -4.2564013                   -4.7652772       163.95534             163.95534
              5       72.872569       3.0838153      0.97393355        1.040249     0.022607559       0.1176193     0.079427442      0.99889148       1.0003986   2.1841577e-09       68.176838      0.30307502      0.14087173      0.69684723      0.24598418      0.24731631       2.4068157       9.9661018      0.82025715      0.99341702      0.45157001      0.60860786       2.1841577       1.8633489       13.782441       147.45857      -9.4466125       -4.6246757                   -4.8219369       164.63836             164.63836
              3       71.650264       3.0822831      0.97527927       1.0404971     0.022660608      0.11712215     0.079247101      0.99889148       1.0003986   2.1808135e-09       68.482802        0.299426      0.14042762      0.70049695      0.24600681      0.24733902       2.3975572       9.9247216      0.81827164      0.98879609      0.44775687      0.60529889       2.1808135       1.8611671        13.76743       147.53228      -9.4581041       -4.6361672                   -4.8219369       162.21674             162.21674
              6       71.636639       3.0792058      0.98143543       1.0404971     0.022660608      0.11712215     0.079247101      0.99889148       1.0003986   2.1741129e-09       68.482802        0.299426      0.14042762      0.70049695      0.24600681      0.24733902       2.3975572       9.9247216      0.81894403       0.9896086      0.44812479      0.60579627       2.1741129       1.8554487        13.76743       147.53228      -9.4581041       -4.6361672                   -4.8219369       162.18949             162.18949
              1       72.591801       3.0794116      0.98464873       1.0410594     0.022834513      0.11709118     0.078498172      0.99889148       1.0003986   2.1745603e-09       68.827816      0.29673337      0.14057056      0.70319034      0.24608003       0.2474125       2.3675767       9.8102081      0.81967468      0.98800587      0.44650334        0.604969       2.1745603       1.8586123       13.733031       147.34726      -9.5042802       -4.6823433                   -4.8219369       164.19216             164.19216
              1       71.499027       3.0797276      0.97640823       1.0410594     0.022834513      0.11709118     0.078498172      0.99911671       1.0024652   2.1752476e-09       68.827816      0.29673337      0.14057056      0.70319034      0.24608003       0.2474125       2.3675767       9.8102081      0.81720311      0.98502674        0.445157      0.60314483       2.1752476       1.8591998       13.733031       147.34726      -9.5292032       -4.6823433                   -4.8468599       162.05646             162.05646
             11       67.389455       3.0754088      0.96934408        1.040481     0.022648744      0.12110945     0.070215145      0.99911671       1.0024652   2.1658735e-09       67.061173      0.32109541      0.14440306      0.67882423      0.24600176      0.24733395       2.3996232       9.1865847      0.82738025       1.0103447      0.46883734      0.62282161       2.1658735       1.8821099       13.786023       146.49191      -9.8736541       -5.0267942                   -4.8468599       154.52622             154.52622
              5        68.15322       3.0758493      0.97357895        1.040481     0.022648744      0.12110945     0.070215145       1.0010142        1.003469   2.1668278e-09       67.061173      0.32109541      0.14440306      0.67882423      0.24600176      0.24733395       2.3996232       9.1865847      0.82888769       1.0121855      0.46969154      0.62395636       2.1668278       1.8829392       13.786023       146.49191      -9.8598532       -5.0267942                    -4.833059       156.02615             156.02615
             12       68.645269        3.078788      0.97473177        1.040481     0.022648744      0.12110945     0.070215145       1.0010142        1.003469   2.1732046e-09       67.061173      0.32109541      0.14440306      0.67882423      0.24600176      0.24733395       2.3996232       9.1865847      0.83046864       1.0141161      0.47058739      0.62514644       2.1732046       1.8884806       13.786023       146.49191      -9.8598532       -5.0267942                    -4.833059       157.01024             157.01024
              1       71.890051       3.0885984      0.96786046       1.0399774     0.022360183      0.12367408     0.071901311       1.0010142        1.003469   2.1946296e-09       65.780977      0.33897501      0.14667913      0.66094148      0.24587826         0.24721       2.4506909       9.4716875      0.84139022       1.0374025      0.48987051      0.64200643       2.1946296        1.900678       13.839929       146.14359      -9.8144524       -4.9813934                    -4.833059       163.40901             163.40901
              2       72.748639       3.0874355       0.9676357       1.0400185     0.022348364      0.12364605     0.071411192       1.0012101      0.99685798   2.1920791e-09       65.794297      0.33874573      0.14663928      0.66117079      0.24587322      0.24720494       2.4528172       9.4282516      0.84083371       1.0366114      0.48938091      0.64147328       2.1920791       1.9003309       13.839794        146.1638      -9.8047404       -4.9958928                   -4.8088477       165.10676             165.10676
             12       72.942826       3.0875683      0.96862034       1.0400185     0.022348364      0.12364605     0.071411192       1.0012101      0.99685798   2.1923702e-09       65.794297      0.33874573      0.14663928      0.66117079      0.24587322      0.24720494       2.4528172       9.4282516      0.84119789       1.0370604      0.48959287      0.64175111       2.1923702       1.9005833       13.839794        146.1638      -9.8047404       -4.9958928                   -4.8088477       165.49513             165.49513
              3       70.247673       3.0954327      0.97709254       1.0406232     0.022657603        0.120681     0.079064215       1.0012101      0.99685798   2.2096797e-09       67.264374      0.31823095      0.14398347      0.68168918      0.24600553      0.24733774       2.3980801       9.9864576       0.8368106       1.0203158      0.47206128      0.62851085       2.2096797       1.8864922       13.779186       146.59414       -9.456521       -4.6476733                   -4.8088477       159.40839             159.40839
             14       68.326732        3.097025      0.97313154       1.0406232     0.022657603        0.120681     0.079064215       1.0013069      0.99849895    2.213201e-09       67.264374      0.31823095      0.14398347      0.68168918      0.24600553      0.24733774       2.3980801       9.9864576      0.83621977       1.0195954      0.47172798      0.62806709        2.213201       1.8894985       13.779186       146.59414      -9.4429894       -4.6476733                   -4.7953161       155.53944             155.53944
              3       68.421958       3.0970951      0.97334416       1.0406232     0.022657603        0.120681     0.079064215       1.0013069      0.99849895   2.2133561e-09       67.264374      0.31823095      0.14398347      0.68168918      0.24600553      0.24733774       2.3980801       9.9864576      0.83631644       1.0197133      0.47178252       0.6281397       2.2133561       1.8896309       13.779186       146.59414      -9.4429894       -4.6476733                   -4.7953161       155.72989             155.72989
              5       67.982146       3.0948434      0.97470753       1.0406232     0.022657603        0.120681     0.079064215       1.0013069      0.99849895    2.208378e-09       67.264374      0.31823095      0.14398347      0.68168918      0.24600553      0.24733774       2.3980801       9.9864576      0.83580729       1.0190925       0.4714953      0.62775728        2.208378       1.8853809       13.779186       146.59414      -9.4429894       -4.6476733                   -4.7953161       154.85027             154.85027
              4       68.889551       3.0928444      0.96964143       1.0402538     0.022487344      0.12289887     0.074981212       1.0014553      0.99888757   2.2039679e-09        66.23953      0.33282107      0.14603108      0.66709657      0.24593267      0.24726461       2.4279894       9.7084289      0.84103449       1.0333684      0.48519824      0.63880236       2.2039679        1.897044       13.815943       146.20426      -9.6383868       -4.8658456                   -4.7725411       157.05587             157.05587
             27       69.199046        3.094467      0.96704566       1.0402538     0.022487344      0.12289887     0.074981212       1.0014553      0.99888757   2.2075469e-09        66.23953      0.33282107      0.14603108      0.66709657      0.24593267      0.24726461       2.4279894       9.7084289      0.84089985        1.033203      0.48512056      0.63870009       2.2075469       1.9001246       13.815943       146.20426      -9.6383868       -4.8658456                   -4.7725411       157.67487             157.67487
             16       71.151849       3.0854159      0.96733375       1.0402538     0.022487344      0.12289887     0.074981212       1.0014101      0.99934765   2.1876564e-09        66.23953      0.33282107      0.14603108      0.66709657      0.24593267      0.24726461       2.4279894       9.7084289      0.83719314       1.0286486      0.48298213      0.63588468       2.1876564       1.8830041       13.815943       146.20426       -9.645582       -4.8658456                   -4.7797364       161.59486             161.59486
              8       68.866851       3.0838561      0.96626853       1.0402538     0.022487344      0.12289887     0.074981212      0.99684292       1.0009777   2.1842466e-09        66.23953      0.33282107      0.14603108      0.66709657      0.24593267      0.24726461       2.4279894       9.7084289      0.83620731       1.0274373       0.4824134       0.6351359       2.1842466       1.8800692       13.815943       146.20426      -9.2023202       -4.8658456                   -4.3364745       156.13834             156.13834
              2       68.363538       3.0786872      0.96668576       1.0402393     0.022530082      0.12297251     0.072118776      0.99684292       1.0009777   2.1729857e-09       66.245163      0.33302966      0.14614745      0.66688799        0.245951      0.24728301       2.4204308         9.43232      0.83422895        1.024963      0.48142286       0.6337325       2.1729857       1.8811147       13.812312       146.13836      -9.3110927       -4.9746181                   -4.3364745       155.34926             155.34926
              1       70.938931       3.0677354      0.97215695       1.0402393     0.022530082      0.12297251     0.072118776      0.99684292       1.0009777   2.1493174e-09       66.245163      0.33302966      0.14614745      0.66688799        0.245951      0.24728301       2.4204308         9.43232      0.83137511       1.0214566      0.47977595      0.63156455       2.1493174       1.8606256       13.812312       146.13836      -9.3110927       -4.9746181                   -4.3364745       160.50005             160.50005
              2       70.086361       3.0695309      0.97140794       1.0411097     0.022535757      0.12436215     0.070246648      0.99684292       1.0009777     2.15318e-09       66.072124      0.33797252      0.14754277      0.66194469      0.24595344      0.24728545       2.4194297       9.2838002      0.83716155       1.0299121      0.48668726      0.63830703         2.15318       1.8709616       13.790601       145.77458      -9.3625363       -5.0260618                   -4.3364745       158.89779             158.89779
              9       69.449068       3.0705606      0.97428862       1.0411097     0.022535757      0.12436215     0.070246648      0.99684292       1.0009777   2.1553983e-09       66.072124      0.33797252      0.14754277      0.66194469      0.24595344      0.24728545       2.4194297       9.2838002      0.83849929       1.0315578      0.48746495        0.639327       2.1553983       1.8728892       13.790601       145.77458      -9.3625363       -5.0260618                   -4.3364745       157.62321             157.62321
              2       69.488545       3.0684676       0.9734743       1.0410577     0.022452837      0.12350696     0.071084826      0.99684292       1.0009777   2.1508916e-09       66.272979      0.33379114      0.14660466      0.66612658      0.24591788      0.24724976       2.4341182       9.3682811      0.83494854       1.0256318      0.48238868      0.63464141       2.1508916       1.8658427       13.797569       146.08505      -9.3414301       -5.0049556                   -4.3364745       157.65995             157.65995
             23       68.495674       3.0707111      0.97549863       1.0410577     0.022452837      0.12350696     0.071084826      0.99684292       1.0009777   2.1557227e-09       66.272979      0.33379114      0.14660466      0.66612658      0.24591788      0.24724976       2.4341182       9.3682811      0.83652262       1.0275653       0.4832981      0.63583786       2.1557227       1.8700336       13.797569       146.08505      -9.3414301       -5.0049556                   -4.3364745       155.67421             155.67421
              5       69.824351       3.0714676      0.97831884       1.0402229     0.022579616      0.12252843     0.072930092      0.99684292       1.0009777   2.1573542e-09       66.431425      0.33027076      0.14575292      0.66964736      0.24597223      0.24730432       2.4117134        9.485558      0.83321752       1.0222841      0.47884334      0.63164916       2.1573542       1.8645549       13.806152       146.19892      -9.2839607       -4.9474861                   -4.3364745       158.21662             158.21662
              1       69.305739       3.0715889      0.97816029       1.0402376     0.022573059      0.12259291     0.072898695      0.99786022       1.0002317   2.1576158e-09        66.40898      0.33062537      0.14581083      0.66929269      0.24596942       0.2473015       2.4128647       9.4857416      0.83346753       1.0227636       0.4792441      0.63200822       2.1576158       1.8648981       13.806614       146.18942       -9.584426       -4.9485905                   -4.6358354       157.78033             157.78033
              1       69.309508       3.0715256      0.97811109       1.0402376     0.022573059      0.12259291     0.072898695      0.99786022       1.0002317   2.1574792e-09        66.40898      0.33062537      0.14581083      0.66929269      0.24596942       0.2473015       2.4128647       9.4857416      0.83342569       1.0227123      0.47922004      0.63197649       2.1574792         1.86478       13.806614       146.18942       -9.584426       -4.9485905                   -4.6358354       157.78787             157.78787
              3       68.963723       3.0429121      0.97642152       1.0408042      0.02263016      0.12426677     0.055353728      0.99786022       1.0002317   2.0966211e-09       66.080918      0.33788034      0.14754179       0.6620369      0.24599384        0.247326       2.4028648       7.7994506      0.82667887       1.0169481      0.48052755      0.63027135       2.0966211       1.8768965       13.789838       145.69615        -9.51629       -4.8804546                   -4.6358354       156.96003             156.96003
              1       68.472021       3.0447328      0.97674904        1.040814     0.022624199      0.12387458     0.056970165      0.99808101      0.99771998   2.1004417e-09       66.210578      0.33565009      0.14714365      0.66426748      0.24599129      0.24732345        2.403906       7.9582438      0.82634807       1.0155454      0.47874737      0.62897692       2.1004417       1.8742477       13.788793       145.80318      -9.6295685       -4.9439486                   -4.6856199       156.20318             156.20318
              4       68.363492        3.046401      0.97581762        1.040814     0.022624199      0.12387458     0.056970165      0.99808101      0.99771998   2.1039488e-09       66.210578      0.33565009      0.14714365      0.66426748      0.24599129      0.24732345        2.403906       7.9582438      0.82674766       1.0160364      0.47897887      0.62928106       2.1039488       1.8773771       13.788793       145.80318      -9.6295685       -4.9439486                   -4.6856199       155.98612             155.98612
              4       70.784298       3.0397504      0.98261834        1.040814     0.022624199      0.12387458     0.056970165      0.99808101      0.99771998   2.0900026e-09       66.210578      0.33565009      0.14714365      0.66426748      0.24599129      0.24732345        2.403906       7.9582438      0.82611902       1.0152639      0.47861467      0.62880258       2.0900026       1.8649328       13.788793       145.80318      -9.6295685       -4.9439486                   -4.6856199       160.82773             160.82773
             14       70.510944       3.0391101      0.98186907        1.040814     0.022624199      0.12387458     0.056970165      0.99808101      0.99771998   2.0886648e-09       66.210578      0.33565009      0.14714365      0.66426748      0.24599129      0.24732345        2.403906       7.9582438      0.82562088       1.0146517      0.47832607      0.62842341       2.0886648        1.863739       13.788793       145.80318      -9.6295685       -4.9439486                   -4.6856199       160.28103             160.28103
              6       69.835215       3.0333162      0.98031058       1.0405478     0.022576694      0.12430632     0.053622116      0.99808101      0.99771998   2.0765983e-09       65.937947      0.33931516      0.14752788      0.66060173      0.24597098      0.24730306       2.4122263        7.634162      0.82398565       1.0147334      0.47997794      0.62888388       2.0765983       1.8654212       13.803062       145.74424      -9.4851729       -4.7995531                   -4.6856199       158.64078             158.64078
              1        69.60319       3.0524457      0.97872021       1.0407363     0.022502321      0.12581425     0.060674953      0.99808101      0.99771998    2.116705e-09        65.43877       0.3478593      0.14896144      0.65205631       0.2459391      0.24727106       2.4253367       8.3901936      0.83649393       1.0340588      0.49336075      0.64241207        2.116705       1.8748164       13.809977        145.4405      -9.7312845       -5.0456646                   -4.6856199       158.66895             158.66895
             24        69.40146       3.0490726      0.97660605       1.0404366     0.022395252       0.1258224     0.059533192      0.99802344       1.0009578    2.109577e-09       65.247951      0.34966456      0.14886252      0.65025055      0.24589323      0.24722503       2.4443979       8.3015107      0.83452542       1.0331328      0.49347526       0.6417302        2.109577       1.8727746       13.829857       145.55489      -9.6939804       -5.0208203                   -4.6731602       158.19088             158.19088
              2       68.775025        3.044197      0.97525395       1.0404863     0.022354636      0.12631594     0.056400128      0.99793788      0.99808823   2.0993167e-09        65.06879      0.35266247      0.14931544      0.64725217      0.24587589      0.24720763       2.4516885        8.001588      0.83374705       1.0335892      0.49512395      0.64250146       2.0993167       1.8753806       13.834069        145.4737      -9.5768455       -4.9228829                   -4.6539626       156.70374             156.70374
              4       68.610497       3.0452957      0.97511289       1.0404863     0.022354636      0.12631594     0.056400128      0.99793788      0.99808823   2.1016246e-09        65.06879      0.35266247      0.14931544      0.64725217      0.24587589      0.24720763       2.4516885        8.001588      0.83416144       1.0341029      0.49537004       0.6428208       2.1016246       1.8774423       13.834069        145.4737      -9.5768455       -4.9228829                   -4.6539626       156.37469             156.37469
             11       68.543875       3.0456373      0.97552803       1.0405609      0.02236966      0.12618135     0.056720576      0.99793788      0.99808823   2.1023425e-09       65.150011      0.35150203      0.14919587      0.64841283       0.2458823      0.24721406       2.4489879       8.0288228      0.83406079       1.0333334      0.49449468      0.64221385       2.1023425       1.8768804       13.829879        145.4915      -9.5888654       -4.9349028                   -4.6539626       156.26548             156.26548
              8        68.76827       3.0450282       0.9766416       1.0405609      0.02236966      0.12618135     0.056720576      0.99793788      0.99808823   2.1010623e-09       65.150011      0.35150203      0.14919587      0.64841283       0.2458823      0.24721406       2.4489879       8.0288228      0.83415276       1.0334473       0.4945492      0.64228466       2.1010623       1.8757376       13.829879        145.4915      -9.5888654       -4.9349028                   -4.6539626       156.71427             156.71427
              3       69.390167        3.047928      0.97676433       1.0405692     0.022376548      0.12634507     0.057835259      0.99727086      0.99722237   2.1071639e-09       65.104849      0.35239236      0.14936648      0.64752238      0.24588524      0.24721701       2.4477511       8.1434691      0.83586895       1.0359327      0.49619391      0.64401326       2.1071639       1.8769956       13.829446       145.44245      -9.4495746       -4.9731591                   -4.4764155       157.67948             157.67948
             14       69.937633       3.0477745      0.97809147       1.0405692     0.022376548      0.12634507     0.057835259      0.99727086      0.99722237   2.1068404e-09       65.104849      0.35239236      0.14936648      0.64752238      0.24588524      0.24721701       2.4477511       8.1434691      0.83621822       1.0363655      0.49640125      0.64428237       2.1068404       1.8767074       13.829446       145.44245      -9.4495746       -4.9731591                   -4.4764155       158.77442             158.77442
              8       69.857353       3.0477795      0.97749101       1.0404278     0.022349621       0.1264522     0.057806038      0.99727086      0.99722237    2.106851e-09       65.000711      0.35371224      0.14944669      0.64620223      0.24587375      0.24720548       2.4525911       8.1484012      0.83629217       1.0372871      0.49737399      0.64494184        2.106851       1.8768266       13.836763       145.44456      -9.4486423       -4.9722267                   -4.4764155       158.61199             158.61199
              1       69.511903       3.0472969      0.97794305       1.0405311     0.022359117      0.12612722      0.05806894      0.99727086      0.99722237   2.1058345e-09       65.149159      0.35135884       0.1491312      0.64855601       0.2458778      0.24720955       2.4508825        8.167656      0.83534969        1.034937      0.49515796      0.64314077       2.1058345       1.8749349       13.831672       145.51674      -9.4568945        -4.980479                   -4.4764155       157.93759             157.93759
              7       69.517976       3.0402644      0.97857851        1.040313     0.022391278      0.12555835     0.055529614      0.99727086      0.99722237   2.0910771e-09        65.29069      0.34857819       0.1485945      0.65133704      0.24589153      0.24722332       2.4451099       7.8912872       0.8305646       1.0278927      0.49036958      0.63818775       2.0910771       1.8712751       13.833113       145.62645       -9.364342       -4.8879264                   -4.4764155       157.76464             157.76464
             13        68.29564       3.0430635      0.97159147        1.040313     0.022391278      0.12555835     0.055529614      0.99727086      0.99722237   2.0969385e-09        65.29069      0.34857819       0.1485945      0.65133704      0.24589153      0.24722332       2.4451099       7.8912872       0.8295657       1.0266565      0.48977982      0.63742022       2.0969385       1.8765204       13.833113       145.62645       -9.364342       -4.8879264                   -4.4764155       155.31996             155.31996
             29       69.243515        3.039967      0.97446584        1.040313     0.022391278      0.12555835     0.055529614      0.99522986      0.99964014   2.0904554e-09        65.29069      0.34857819       0.1485945      0.65133704      0.24589153      0.24722332       2.4451099       7.8912872      0.82916876       1.0261652      0.48954547      0.63711522       2.0904554       1.8707187       13.833113       145.62645      -8.5140089       -4.8879264                   -3.6260825       155.51505             155.51505
              6       71.427654       3.0432432       0.9793702        1.040313     0.022391278      0.12555835     0.055529614      0.99841642       1.0035119   2.0973153e-09        65.29069      0.34857819       0.1485945      0.65133704      0.24589153      0.24722332       2.4451099       7.8912872      0.83204842       1.0297291      0.49124563      0.63932789       2.0973153       1.8768575       13.833113       145.62645      -9.6388129       -4.8879264                   -4.7508864       162.13293             162.13293
              5       69.626121       3.0432124       0.9791554        1.040313     0.022391278      0.12555835     0.055529614       1.0004429       0.9992336   2.0972506e-09        65.29069      0.34857819       0.1485945      0.65133704      0.24589153      0.24722332       2.4451099       7.8912872      0.83196888       1.0296306      0.49119867      0.63926677       2.0972506       1.8767997       13.833113       145.62645      -9.7672348       -4.8879264                   -4.8793083       158.78671             158.78671
              2       70.184504       3.0431549      0.97912344       1.0402806     0.022389356      0.12554226     0.055548078      0.99806798      0.99673481   2.0971302e-09       65.283676      0.34861082      0.14857648      0.65130438      0.24589071       0.2472225       2.4454542       7.8933057      0.83185857       1.0295494      0.49115654      0.63919698       2.0971302       1.8766226       13.834228       145.63265      -9.5715352       -4.8887029                   -4.6828323       159.51208             159.51208
             10       70.293737       3.0345866      0.97645847       1.0404729     0.022214402      0.12470528     0.053453326      0.99804885      0.99648433    2.079238e-09       65.480074      0.34416264      0.14756455      0.65575308      0.24581581      0.24714733       2.4771136       7.7036879      0.82584596       1.0205739      0.48448564      0.63254289        2.079238       1.8684231        13.84344       146.03826      -9.4696606       -4.7909543                   -4.6787063        159.5268              159.5268
              5       68.619939       3.0471821      0.97856899       1.0406906      0.02229356      0.12463801     0.059407756      0.99823824      0.99795355   2.1055926e-09       65.639991      0.34251531      0.14757643      0.65740082      0.24584981      0.24718145       2.4627138       8.2938566      0.83143874       1.0262331      0.48659792      0.63606318       2.1055926       1.8697065       13.828645        145.9689      -9.7355086       -5.0177376                    -4.717771        156.7109              156.7109
              1       68.623245       3.0471465      0.97850477       1.0406906      0.02229356      0.12463801     0.059407756      0.99823824      0.99795355   2.1055178e-09       65.639991      0.34251531      0.14757643      0.65740082      0.24584981      0.24718145       2.4627138       8.2938566      0.83140397       1.0261901      0.48657757      0.63603657       2.1055178         1.86964       13.828645        145.9689      -9.7355086       -5.0177376                    -4.717771       156.71751             156.71751
              3       70.675219       3.0545389      0.97821775       1.0406906      0.02229356      0.12463801     0.059407756      0.99823824      0.99795355   2.1211403e-09       65.639991      0.34251531      0.14757643      0.65740082      0.24584981      0.24718145       2.4627138       8.2938566      0.83439301       1.0298795       0.4883269      0.63832323       2.1211403       1.8835123       13.828645        145.9689      -9.7355086       -5.0177376                    -4.717771       160.82146             160.82146
             15       71.139216       3.0411873      0.97968601       1.0406906      0.02229356      0.12463801     0.059407756      0.99823824      0.99795355   2.0930079e-09       65.639991      0.34251531      0.14757643      0.65740082      0.24584981      0.24718145       2.4627138       8.2938566      0.82929728       1.0235899      0.48534464      0.63442493       2.0930079       1.8585316       13.828645        145.9689      -9.7355086       -5.0177376                    -4.717771       161.74945             161.74945
              9       70.169589        3.054193      0.97777115       1.0406906      0.02229356      0.12463801     0.059407756      0.99823824      0.99795355   2.1204067e-09       65.639991      0.34251531      0.14757643      0.65740082      0.24584981      0.24718145       2.4627138       8.2938566      0.83410923       1.0295292      0.48816082      0.63810614       2.1204067       1.8828609       13.828645        145.9689      -9.7355086       -5.0177376                    -4.717771        159.8102              159.8102
              1        69.79522       3.0495825      0.97670284       1.0405278     0.022193738      0.12355641     0.059506112      0.99823824      0.99795355    2.110653e-09       65.865927      0.33744631      0.14639502      0.66247039      0.24580686      0.24713834       2.4808928       8.3091729      0.82874175       1.0211483      0.48141715      0.63164111        2.110653       1.8738313       13.839878       146.35719      -9.7379317       -5.0201607                    -4.717771        159.0663              159.0663
              7       69.764552       3.0468837      0.97951432       1.0405278     0.022193738      0.12355641     0.059506112      0.99802864      0.99789557   2.1049644e-09       65.865927      0.33744631      0.14639502      0.66247039      0.24580686      0.24713834       2.4808928       8.3091729      0.82849666       1.0208463      0.48127478      0.63145431       2.1049644        1.868781       13.839878       146.35719      -9.6944611       -5.0201607                   -4.6743004       158.91803             158.91803
              4       69.760554       3.0425103      0.98000644       1.0404021      0.02223067      0.12343307     0.057445806      0.99802864      0.99789557   2.0957787e-09       65.896202      0.33693731      0.14630861      0.66297947      0.24582283      0.24715437        2.474144       8.0899132      0.82618086        1.017759      0.47956743      0.62945169       2.0957787       1.8683087       13.839464       146.34837       -9.634721       -4.9604206                   -4.6743004       158.79055             158.79055
              1       69.475786       3.0423591      0.97983985       1.0404021      0.02223067      0.12343307     0.057445806      0.99954512      0.99889053   2.0954618e-09       65.896202      0.33693731      0.14630861      0.66297947      0.24582283      0.24715437        2.474144       8.0899132      0.82606676       1.0176184       0.4795012      0.62936476       2.0954618       1.8680262       13.839464       146.34837      -9.8391296       -4.9604206                   -4.8787089       158.62983             158.62983
